NaN,NaN,NaN,0,NaN,NaN,NaN,NaN,0,NaN,NaN,NaN,NaN,5,-4.02,3.54,0.15,NaN,NaN,0,NaN,NaN,NaN,NaN,NaN,1,2.75,0.99,0.47,NaN,2,1.38,3.34,0.5,NaN,NaN,NaN,NaN,NaN,NaN,NaN,NaN,NaN,NaN,NaN,NaN,NaN,NaN,NaN,NaN,NaN,66300000,NaN,0,NaN,0
NaN,NaN,NaN,2,1.39,1.46,0.09,NaN,4,-1.96,3.58,0.27,0.1,10,0.1,3.29,0.11,NaN,NaN,1,1.69,0.66,0.36,NaN,0.9,10,0.9,1.29,0.56,NaN,2,1.33,2.51,0.45,NaN,NaN,NaN,NaN,NaN,NaN,NaN,NaN,NaN,NaN,NaN,NaN,NaN,NaN,NaN,NaN,NaN,13700,NaN,0,NaN,0
NaN,NaN,NaN,5,1.36,1.66,0.15,NaN,5,-2.13,5,0.56,0.01,10,0.01,3.74,0.12,NaN,NaN,5,1.56,1.21,0.53,NaN,0.82,10,0.82,2.12,0.78,NaN,2,1.94,1.73,0.34,NaN,NaN,NaN,NaN,NaN,NaN,NaN,NaN,NaN,NaN,NaN,NaN,NaN,NaN,NaN,NaN,NaN,7660,NaN,0,NaN,0
NaN,NaN,NaN,5,1.67,2.01,0.18,NaN,5,-2.31,3.65,0.48,0.01,10,0.01,7.28,0.24,NaN,NaN,2,0.85,1.1,0.5,NaN,0.98,10,0.98,1.66,0.66,NaN,2,2.04,1.66,0.33,NaN,NaN,NaN,NaN,0.08,NaN,NaN,NaN,0.85,NaN,NaN,NaN,NaN,NaN,NaN,NaN,NaN,1210,NaN,0,NaN,0
NaN,NaN,NaN,5,1.56,2.56,0.13,NaN,5,-2.68,7.12,0.53,0.05,10,0.05,13.29,0.26,NaN,NaN,1,1.79,0.65,0.36,NaN,0.83,10,0.83,1.78,0.69,NaN,2,1.31,2.43,0.44,NaN,NaN,NaN,NaN,0.04,NaN,NaN,NaN,0.81,NaN,NaN,NaN,NaN,NaN,NaN,NaN,NaN,1510,3400000,0,NaN,0
NaN,NaN,NaN,5,0.97,2.09,0.1,NaN,5,-2.8,7.79,0.59,0.01,10,0.01,13.19,0.3,NaN,NaN,2,0.95,1.01,0.48,NaN,0.84,10,0.84,1.91,0.73,1.07,10,1.07,3.55,0.59,NaN,NaN,NaN,NaN,0.01,NaN,NaN,NaN,0.78,NaN,NaN,NaN,NaN,NaN,NaN,NaN,NaN,894,3130000,0,NaN,0
NaN,NaN,NaN,5,1.33,2.47,0.12,NaN,5,-3,8.2,0.67,-0.03,10,-0.03,13.01,0.33,NaN,NaN,1,2.53,0.87,0.43,NaN,0.72,10,0.72,2.67,0.91,1.05,10,1.05,3.56,0.59,NaN,NaN,NaN,NaN,-0.01,NaN,NaN,NaN,0.75,NaN,NaN,NaN,NaN,NaN,NaN,NaN,NaN,523,2770000,0,NaN,0
NaN,NaN,NaN,5,1.19,2.61,0.12,NaN,5,-3.05,7.85,0.7,-0.06,10,-0.06,12.82,0.32,NaN,NaN,1,0.54,0.92,0.45,NaN,0.59,10,0.59,2.69,0.91,1.08,10,1.08,3.72,0.6,NaN,NaN,NaN,NaN,-0.02,NaN,NaN,NaN,0.73,NaN,NaN,NaN,NaN,NaN,NaN,NaN,NaN,300,2060000,0,NaN,0
NaN,NaN,NaN,5,1.3,2.92,0.16,NaN,5,-3.1,7.66,0.7,-0.05,10,-0.05,13.7,0.32,NaN,NaN,5,0.56,1.09,0.5,NaN,0.67,10,0.67,2.52,0.87,NaN,2,0.99,2.9,0.5,NaN,NaN,NaN,NaN,-0.03,NaN,NaN,NaN,0.71,NaN,NaN,NaN,NaN,NaN,NaN,NaN,NaN,190,1830000,0,NaN,0
NaN,NaN,NaN,5,1.12,3.5,0.28,NaN,5,-3.09,7.56,0.67,-0.05,10,-0.05,15.28,0.31,NaN,NaN,5,0.53,1.18,0.53,NaN,0.67,10,0.67,2.67,0.91,1.19,10,1.19,2.97,0.5,NaN,NaN,NaN,NaN,-0.03,NaN,NaN,NaN,0.69,NaN,NaN,NaN,NaN,NaN,NaN,NaN,NaN,168,2230000,0,NaN,256
NaN,NaN,NaN,0,NaN,NaN,NaN,NaN,4,-2.97,7.31,0.65,-0.05,10,-0.05,16.14,0.31,NaN,NaN,0,NaN,NaN,NaN,NaN,0.89,10,0.89,2.45,0.86,1.32,10,1.32,3.02,0.52,NaN,NaN,NaN,NaN,-0.03,NaN,NaN,NaN,0.67,NaN,NaN,NaN,NaN,NaN,NaN,NaN,NaN,135,2360000,0,NaN,0
NaN,NaN,NaN,0,NaN,NaN,NaN,NaN,4,-2.92,9.43,0.67,-0.04,10,-0.04,22.79,0.33,NaN,NaN,0,NaN,NaN,NaN,NaN,0.77,10,0.77,2.46,0.86,NaN,2,1.37,2.63,0.46,NaN,NaN,NaN,NaN,-0.03,NaN,NaN,NaN,0.66,NaN,NaN,NaN,NaN,NaN,NaN,NaN,NaN,125,2920000,0,NaN,0
NaN,NaN,NaN,0,NaN,NaN,NaN,NaN,4,-2.99,9.48,0.66,-0.03,10,-0.03,23.08,0.32,NaN,NaN,0,NaN,NaN,NaN,NaN,0.6,10,0.6,2.63,0.9,1.28,10,1.28,3.07,0.52,NaN,NaN,NaN,NaN,-0.02,NaN,NaN,NaN,0.65,NaN,NaN,NaN,NaN,NaN,NaN,NaN,NaN,96.6,2950000,0,NaN,0
NaN,NaN,NaN,0,NaN,NaN,NaN,NaN,4,-2.99,9.52,0.65,-0.02,10,-0.02,22.9,0.31,NaN,NaN,0,NaN,NaN,NaN,NaN,0.68,10,0.68,2.36,0.84,1.02,10,1.02,3.33,0.55,NaN,NaN,NaN,NaN,-0.02,NaN,NaN,NaN,0.64,NaN,NaN,NaN,NaN,NaN,NaN,NaN,NaN,64.9,2530000,0,NaN,0
3.4,282.6,1.46,10,1.46,5.17,0.36,-3.07,10,-3.07,9.64,0.65,-0.02,10,-0.02,23.33,0.32,NaN,NaN,5,0.54,1.5,0.61,NaN,0.73,10,0.73,2.45,0.86,1.17,10,1.17,2.89,0.51,NaN,NaN,NaN,NaN,-0.01,NaN,NaN,NaN,0.64,NaN,NaN,NaN,NaN,NaN,NaN,NaN,NaN,33.6,1270000,0,NaN,256
3.74,275.9,1.98,10,1.98,4.05,0.26,-3.17,10,-3.17,9.67,0.64,-0.03,10,-0.03,22.82,0.32,NaN,NaN,1,0.84,0.85,0.42,NaN,0.93,10,0.93,2.19,0.8,1.33,10,1.33,3.43,0.54,NaN,NaN,NaN,NaN,0,NaN,NaN,NaN,0.64,NaN,NaN,NaN,NaN,NaN,NaN,NaN,NaN,29.8,1400000,2,NaN,256
3.84,275.3,2.08,10,2.08,4.54,0.28,-3.23,10,-3.23,9.44,0.64,0.01,10,0.01,20.91,0.3,NaN,NaN,5,2.06,1.18,0.53,NaN,0.69,10,0.69,2.58,0.89,1.18,10,1.18,3.57,0.58,3.84,278.7,1.88,-3.35,0.01,NaN,NaN,NaN,0.64,NaN,0.023,177.3,NaN,NaN,NaN,NaN,NaN,23.9,NaN,0,NaN,0
3.56,277.1,1.83,10,1.83,4.68,0.27,-3.05,10,-3.05,8.96,0.62,0.04,10,0.04,19.73,0.29,NaN,NaN,1,2.29,0.92,0.45,NaN,0.49,10,0.49,1.8,0.7,1.2,10,1.2,3.28,0.54,3.82,277,1.97,-3.27,0.02,NaN,NaN,NaN,0.65,NaN,0.027,158.8,NaN,NaN,NaN,NaN,NaN,19.3,NaN,0,NaN,256
3.59,274.1,2,10,2,4.89,0.29,-2.98,10,-2.98,8.36,0.6,0.08,10,0.08,19.25,0.29,NaN,NaN,5,0.72,1.92,0.72,NaN,0.49,10,0.49,2.09,0.77,1.21,10,1.21,3.04,0.5,3.72,275.1,2.02,-3.12,0.03,NaN,NaN,NaN,0.65,NaN,0.033,140.9,NaN,NaN,NaN,NaN,NaN,17.2,NaN,0,NaN,0
3.58,273.5,2.03,10,2.03,5.11,0.32,-2.95,10,-2.95,8.21,0.59,0.09,10,0.09,18.36,0.29,NaN,NaN,5,0.84,2.32,0.82,NaN,0.75,10,0.75,2.3,0.82,1.37,10,1.37,3.74,0.59,3.59,273.3,2.04,-2.95,0.03,NaN,NaN,NaN,0.66,NaN,0.032,136.1,NaN,NaN,NaN,NaN,NaN,14.6,NaN,0,NaN,0
3.43,272,2.01,10,2.01,5.76,0.38,-2.77,10,-2.77,8.23,0.57,0.14,10,0.14,17.73,0.27,NaN,NaN,5,0.77,1.65,0.65,NaN,0.64,10,0.64,1.73,0.68,1.38,10,1.38,3.31,0.55,3.48,271.7,2.06,-2.81,0.04,NaN,NaN,NaN,0.68,NaN,0.023,138.1,NaN,NaN,NaN,NaN,NaN,14.1,NaN,0,NaN,0
3.39,272,1.99,10,1.99,5.71,0.35,-2.74,10,-2.74,8.38,0.55,0.1,10,0.1,17.56,0.27,NaN,NaN,5,0.86,2.01,0.75,NaN,0.49,10,0.49,1.87,0.72,1.14,10,1.14,4.13,0.64,3.43,270.6,2.08,-2.73,0.04,NaN,NaN,NaN,0.69,NaN,0.01,160.9,NaN,NaN,NaN,NaN,NaN,13.5,NaN,0,NaN,0
3.49,270.9,2.1,10,2.1,6.08,0.35,-2.78,10,-2.78,8.5,0.52,0.1,10,0.1,18.3,0.27,NaN,NaN,5,0.81,1.94,0.73,NaN,0.74,10,0.74,2.36,0.84,NaN,5,1.61,3.49,0.53,3.45,270.2,2.11,-2.73,0.04,NaN,NaN,NaN,0.71,NaN,0.012,266.3,NaN,NaN,NaN,NaN,NaN,13.9,NaN,0,NaN,0
3.59,272.6,2.08,10,2.08,6.33,0.35,-2.92,10,-2.92,8.4,0.48,0.1,10,0.1,18.44,0.26,NaN,NaN,5,0.77,1.34,0.57,NaN,NaN,5,0.49,2.07,0.77,NaN,5,1.31,3.84,0.59,3.55,270.5,2.16,-2.81,0.04,NaN,NaN,NaN,NaN,NaN,0.028,286.3,NaN,NaN,NaN,NaN,NaN,11.6,NaN,0,NaN,0
3.76,270.8,2.28,10,2.28,6.39,0.33,-3,10,-3,7.95,0.41,0.12,10,0.12,18.39,0.24,NaN,NaN,5,0.95,2.01,0.75,NaN,0.77,10,0.77,2.2,0.8,NaN,5,2.09,3.18,0.51,3.72,271.4,2.22,-2.98,0.04,NaN,NaN,NaN,NaN,NaN,0.043,291.1,NaN,NaN,NaN,NaN,NaN,10.2,NaN,0,NaN,0
4.15,273.5,2.35,10,2.35,6.3,0.29,-3.42,10,-3.42,7.4,0.36,0.09,10,0.09,18.36,0.24,NaN,NaN,5,1.14,2.04,0.75,NaN,0.61,10,0.61,1.73,0.69,NaN,2,1.58,2.93,0.49,3.95,272.7,2.28,-3.22,0.04,NaN,NaN,NaN,NaN,NaN,0.053,293.4,NaN,NaN,NaN,NaN,NaN,10.7,NaN,0,NaN,0
4.33,274.5,2.39,10,2.39,5.93,0.25,-3.61,10,-3.61,6.28,0.28,0.14,10,0.14,18.49,0.23,NaN,NaN,5,0.89,1.44,0.6,NaN,NaN,5,0.34,1.74,0.69,NaN,2,2.3,2.87,0.46,4.21,274.1,2.35,-3.49,0.03,NaN,NaN,NaN,NaN,NaN,0.055,295.4,NaN,NaN,NaN,NaN,NaN,10.4,NaN,0,NaN,0
4.82,275.7,2.57,10,2.57,4.54,0.18,-4.08,10,-4.08,5.76,0.24,0.1,10,0.1,18.56,0.22,NaN,NaN,5,1.02,1.61,0.65,NaN,NaN,5,0.83,1.26,0.55,NaN,2,2.52,1.9,0.36,4.46,275.4,2.4,-3.76,0.02,NaN,NaN,NaN,NaN,NaN,0.047,298.3,NaN,NaN,NaN,NaN,NaN,9.6,NaN,0,NaN,0
4.93,274.6,2.71,10,2.71,3.45,0.13,-4.11,10,-4.11,5.46,0.21,0.06,10,0.06,18.03,0.22,NaN,NaN,5,0.62,1.62,0.65,NaN,NaN,5,1,2.01,0.75,NaN,2,2.37,3.17,0.49,4.64,276.5,2.43,-3.96,0.02,NaN,NaN,NaN,NaN,NaN,0.04,300.8,NaN,NaN,NaN,NaN,NaN,10.3,NaN,0,NaN,0
NaN,NaN,NaN,2,2.72,2.47,0.1,NaN,4,-4.24,5.22,0.2,0,10,0,17.65,0.21,NaN,NaN,2,0.74,1.07,0.49,NaN,NaN,5,0.85,1.88,0.72,NaN,5,1.94,3.22,0.51,NaN,NaN,NaN,NaN,0.01,NaN,NaN,NaN,NaN,NaN,NaN,NaN,NaN,NaN,NaN,NaN,NaN,9.82,NaN,0,NaN,0
NaN,NaN,NaN,2,2.75,1.83,0.07,NaN,4,-4.17,4.96,0.2,-0.06,10,-0.06,17,0.2,NaN,NaN,5,0.64,1.56,0.63,NaN,NaN,5,0.94,1.27,0.55,NaN,2,2.53,2.29,0.38,NaN,NaN,NaN,NaN,0,NaN,NaN,NaN,NaN,NaN,NaN,NaN,NaN,NaN,NaN,NaN,NaN,8.87,NaN,0,NaN,0
NaN,NaN,NaN,2,2.31,1.54,0.06,NaN,4,-4.3,4.82,0.19,-0.13,10,-0.13,16.37,0.19,NaN,NaN,1,2.12,0.83,0.41,NaN,NaN,5,1,1.65,0.66,NaN,5,1.92,3.26,0.51,NaN,NaN,NaN,NaN,-0.01,NaN,NaN,NaN,NaN,NaN,NaN,NaN,NaN,NaN,NaN,NaN,NaN,8.24,NaN,0,NaN,0
NaN,NaN,NaN,2,2.19,1.71,0.06,NaN,4,-4.58,4.1,0.16,-0.18,10,-0.18,15.18,0.17,NaN,NaN,5,0.74,1.21,0.53,NaN,NaN,5,0.57,1.33,0.57,NaN,2,2.27,2.84,0.45,NaN,NaN,NaN,NaN,-0.02,NaN,NaN,NaN,NaN,NaN,NaN,NaN,NaN,NaN,NaN,NaN,NaN,8.13,NaN,0,NaN,0
NaN,NaN,NaN,2,2.61,1.53,0.06,NaN,4,-4.74,3.7,0.15,-0.17,10,-0.17,14.85,0.16,NaN,NaN,1,2.59,0.74,0.39,NaN,NaN,5,0.82,1.2,0.54,NaN,2,2.17,2.38,0.4,NaN,NaN,NaN,NaN,-0.03,NaN,NaN,NaN,NaN,NaN,NaN,NaN,NaN,NaN,NaN,NaN,NaN,8.33,NaN,0,NaN,0
NaN,NaN,NaN,2,2.22,1.7,0.06,NaN,4,-5.05,3.52,0.14,-0.13,10,-0.13,14.62,0.16,NaN,NaN,2,0.98,1.09,0.49,NaN,NaN,5,0.81,1.22,0.54,NaN,2,2.66,2.12,0.36,NaN,NaN,NaN,NaN,-0.03,NaN,NaN,NaN,NaN,NaN,NaN,NaN,NaN,NaN,NaN,NaN,NaN,7.99,NaN,0,NaN,0
NaN,NaN,NaN,2,2.74,1.54,0.06,NaN,4,-5.55,2.7,0.11,-0.09,10,-0.09,14.29,0.15,NaN,NaN,5,1.04,1.44,0.6,NaN,NaN,2,0.69,1.05,0.48,NaN,5,1.62,3.87,0.55,NaN,NaN,NaN,NaN,-0.03,NaN,NaN,NaN,NaN,NaN,NaN,NaN,NaN,NaN,NaN,NaN,NaN,8.14,NaN,0,NaN,0
NaN,NaN,NaN,2,3.25,1.7,0.06,NaN,4,-5.68,2.65,0.1,-0.09,10,-0.09,14.17,0.15,NaN,NaN,5,1.23,1.58,0.64,NaN,NaN,2,1.21,1.08,0.5,NaN,2,2.7,2.61,0.41,NaN,NaN,NaN,NaN,-0.03,NaN,NaN,NaN,NaN,NaN,NaN,NaN,NaN,NaN,NaN,NaN,NaN,7.85,NaN,0,NaN,0
NaN,NaN,NaN,2,4.79,0.67,0.03,NaN,4,-5.95,2.86,0.11,-0.09,10,-0.09,14.59,0.16,NaN,NaN,5,1.01,1.12,0.51,NaN,NaN,5,0.83,1.33,0.57,NaN,2,2.58,2.49,0.4,NaN,NaN,NaN,NaN,-0.03,NaN,NaN,NaN,NaN,NaN,NaN,NaN,NaN,NaN,NaN,NaN,NaN,8.55,NaN,0,NaN,0
NaN,NaN,NaN,2,2.47,1.95,0.09,NaN,4,-5.34,3.14,0.15,-0.05,10,-0.05,15.7,0.19,NaN,NaN,5,2.46,1.16,0.52,NaN,NaN,5,2.01,1.25,0.54,NaN,2,2.58,2.23,0.37,NaN,NaN,NaN,NaN,-0.01,NaN,NaN,NaN,NaN,NaN,NaN,NaN,NaN,NaN,NaN,NaN,NaN,7.33,NaN,0,NaN,0
