NaN,NaN,NaN,1,13.89,0.35,0.05,NaN,2,-13.1,0.75,0.1,NaN,5,-2.93,7.61,0.41,NaN,NaN,1,2.71,0.58,0.33,NaN,NaN,1,1.41,0.8,0.4,NaN,5,1.5,5.11,0.64,NaN,NaN,NaN,NaN,NaN,NaN,NaN,NaN,NaN,NaN,NaN,NaN,NaN,NaN,NaN,NaN,NaN,43400000,NaN,0,NaN,0
NaN,NaN,NaN,0,NaN,NaN,NaN,NaN,4,-1.07,2.17,0.15,NaN,2,-1.38,1.01,0.04,NaN,NaN,5,2.89,1.12,0.5,NaN,NaN,1,0.45,0.84,0.42,NaN,2,2.32,2.32,0.41,NaN,NaN,NaN,NaN,NaN,NaN,NaN,NaN,NaN,NaN,NaN,NaN,NaN,NaN,NaN,NaN,NaN,3150,NaN,0,NaN,0
NaN,NaN,NaN,0,NaN,NaN,NaN,NaN,4,-1.76,4.21,0.24,-0.03,10,-0.03,3.25,0.1,NaN,NaN,1,1.23,0.83,0.41,NaN,NaN,5,0.67,1.24,0.54,NaN,2,2.25,1.43,0.31,NaN,NaN,NaN,NaN,NaN,NaN,NaN,NaN,NaN,NaN,NaN,NaN,NaN,NaN,NaN,NaN,NaN,2270,NaN,0,NaN,0
NaN,NaN,NaN,1,1.39,0.45,0.02,NaN,4,-2.08,5.87,0.32,-0.15,10,-0.15,4.63,0.16,NaN,NaN,1,2.2,0.89,0.44,NaN,NaN,5,1.1,1.26,0.55,NaN,2,1.79,1.52,0.33,NaN,NaN,NaN,NaN,-0.11,NaN,NaN,NaN,NaN,NaN,NaN,NaN,NaN,NaN,NaN,NaN,NaN,429,NaN,0,NaN,0
NaN,NaN,NaN,2,2.07,1.24,0.05,NaN,4,-2.6,7.24,0.42,-0.1,10,-0.1,10.35,0.21,NaN,NaN,5,2.13,1.2,0.54,NaN,NaN,5,1.42,1.81,0.71,NaN,2,0.95,2.44,0.46,NaN,NaN,NaN,NaN,-0.13,NaN,NaN,NaN,NaN,NaN,NaN,NaN,NaN,NaN,NaN,NaN,NaN,278,NaN,0,NaN,0
NaN,NaN,NaN,2,1.09,1.23,0.06,NaN,4,-3.31,5.76,0.44,-0.09,10,-0.09,12.23,0.27,NaN,NaN,1,2,0.74,0.39,NaN,NaN,5,0.95,1.86,0.72,NaN,2,0.89,2.32,0.44,NaN,NaN,NaN,NaN,-0.15,NaN,NaN,NaN,NaN,NaN,NaN,NaN,NaN,NaN,NaN,NaN,NaN,262,NaN,0,NaN,0
NaN,NaN,NaN,2,1.53,1.8,0.09,NaN,4,-3.43,6.67,0.56,-0.08,10,-0.08,12.59,0.31,NaN,NaN,1,1.12,0.95,0.46,NaN,0.42,10,0.42,2.24,0.81,NaN,2,0.98,2.68,0.49,NaN,NaN,NaN,NaN,-0.17,NaN,NaN,NaN,0.48,NaN,NaN,NaN,NaN,NaN,NaN,NaN,NaN,183,NaN,0,NaN,0
NaN,NaN,NaN,2,1.81,1.52,0.07,NaN,4,-3.34,6.71,0.61,-0.08,10,-0.08,13.62,0.35,NaN,NaN,5,1.14,1.09,0.5,NaN,0.46,10,0.46,2.37,0.84,0.96,10,0.96,3.16,0.54,NaN,NaN,NaN,NaN,-0.17,NaN,NaN,NaN,0.49,NaN,NaN,NaN,NaN,NaN,NaN,NaN,NaN,93.3,NaN,0,NaN,0
NaN,NaN,NaN,0,NaN,NaN,NaN,NaN,4,-3.45,6.84,0.63,-0.1,10,-0.1,14.28,0.38,NaN,NaN,0,NaN,NaN,NaN,NaN,0.53,10,0.53,1.75,0.69,0.76,10,0.76,3.62,0.59,NaN,NaN,NaN,NaN,-0.18,NaN,NaN,NaN,0.5,NaN,NaN,NaN,NaN,NaN,NaN,NaN,NaN,51.8,NaN,0,NaN,0
NaN,NaN,NaN,0,NaN,NaN,NaN,NaN,4,-3.65,7.13,0.64,-0.11,10,-0.11,15.66,0.4,NaN,NaN,0,NaN,NaN,NaN,NaN,0.56,10,0.56,2.53,0.87,0.7,10,0.7,3.4,0.58,NaN,NaN,NaN,NaN,-0.17,NaN,NaN,NaN,0.51,NaN,NaN,NaN,NaN,NaN,NaN,NaN,NaN,49.9,NaN,0,NaN,0
NaN,NaN,NaN,0,NaN,NaN,NaN,NaN,4,-3.59,7.48,0.67,-0.13,10,-0.13,16.63,0.4,NaN,NaN,0,NaN,NaN,NaN,NaN,0.63,10,0.63,2.28,0.82,0.77,10,0.77,2.98,0.53,NaN,NaN,NaN,NaN,-0.17,NaN,NaN,NaN,0.53,NaN,NaN,NaN,NaN,NaN,NaN,NaN,NaN,48.9,903000,0,NaN,0
NaN,NaN,NaN,0,NaN,NaN,NaN,NaN,4,-3.42,9.65,0.69,-0.16,10,-0.16,23.5,0.42,NaN,NaN,0,NaN,NaN,NaN,NaN,0.63,10,0.63,2.48,0.86,0.79,10,0.79,3.61,0.58,NaN,NaN,NaN,NaN,-0.16,NaN,NaN,NaN,0.54,NaN,NaN,NaN,NaN,NaN,NaN,NaN,NaN,47.3,1180000,0,NaN,0
NaN,NaN,NaN,0,NaN,NaN,NaN,NaN,4,-3.3,9.56,0.68,-0.18,10,-0.18,24.67,0.42,NaN,NaN,0,NaN,NaN,NaN,NaN,0.39,10,0.39,2.38,0.84,0.68,10,0.68,3.44,0.57,NaN,NaN,NaN,NaN,-0.15,NaN,NaN,NaN,0.56,0.76,NaN,NaN,NaN,NaN,NaN,0.878,NaN,32.9,1090000,0,NaN,0
3.38,286,1.27,10,1.27,4.71,0.35,-3.14,10,-3.14,9.72,0.68,-0.17,10,-0.17,24.81,0.42,NaN,NaN,1,2.74,0.89,0.44,NaN,0.47,10,0.47,2.61,0.9,0.61,10,0.61,3.69,0.59,3.81,275.4,2.05,-3.21,-0.14,NaN,NaN,NaN,0.58,0.77,0.056,241.7,11.4,NaN,2,0.884,0.01118,18.7,NaN,0,NaN,256
3.93,273.9,2.2,10,2.2,4.48,0.35,-3.25,10,-3.25,9.64,0.68,-0.16,10,-0.16,24.66,0.44,NaN,0.28,10,0.28,1.96,0.74,NaN,0.55,10,0.55,2.21,0.8,0.86,10,0.86,3.03,0.53,4.05,273.2,2.31,-3.32,-0.13,NaN,NaN,NaN,0.59,0.77,0.052,247.4,10.8,NaN,3,0.894,0.01056,10.7,422000,0,NaN,256
4.38,269.1,2.75,10,2.75,5.02,0.38,-3.41,10,-3.41,9.49,0.67,-0.14,10,-0.14,24.02,0.46,NaN,0.38,10,0.38,1.36,0.59,NaN,0.59,10,0.59,2.11,0.78,NaN,5,1.12,4.38,0.66,4.28,272.1,2.51,-3.46,-0.11,NaN,NaN,NaN,0.6,0.78,0.047,259.9,10.3,NaN,3,0.908,0.00966,9.77,NaN,0,NaN,256
4.49,268.3,2.86,10,2.86,5.43,0.42,-3.45,10,-3.45,9.34,0.65,-0.08,10,-0.08,23.19,0.44,NaN,NaN,1,1.19,0.89,0.44,0.4,0.61,10,0.61,2.43,0.85,0.65,10,0.65,3.57,0.6,4.5,271.8,2.66,-3.63,-0.1,NaN,NaN,NaN,0.61,0.79,0.045,271.9,9.9,NaN,3,0.925,0.00943,8.46,NaN,0,NaN,0
5.02,269,3.16,10,3.16,5.89,0.46,-3.91,10,-3.91,8.9,0.64,-0.05,10,-0.05,22.72,0.44,NaN,0.54,10,0.54,1.46,0.62,NaN,0.6,10,0.6,2.37,0.84,0.86,10,0.86,3.82,0.61,4.73,272.1,2.77,-3.83,-0.09,NaN,NaN,NaN,0.62,0.79,0.045,282,9.5,NaN,3,0.944,0.00966,7.35,NaN,0,NaN,0
5.31,271.3,3.17,10,3.17,6.18,0.49,-4.26,10,-4.26,8.49,0.62,-0.08,10,-0.08,21.9,0.44,NaN,0.62,10,0.62,2.25,0.82,NaN,0.61,10,0.61,2.51,0.87,NaN,5,1.36,4.76,0.67,4.95,272.7,2.86,-4.04,-0.08,NaN,NaN,NaN,0.62,0.8,0.047,289.5,9.2,NaN,3,0.965,0.01017,6.39,NaN,0,NaN,0
5.35,273.1,3.06,10,3.06,6.85,0.53,-4.38,10,-4.38,8.47,0.62,-0.06,10,-0.06,21.51,0.44,NaN,0.5,10,0.5,2.22,0.8,NaN,0.58,10,0.58,2.08,0.77,0.79,10,0.79,3.91,0.61,5.17,273.6,2.92,-4.27,-0.07,NaN,0.49,NaN,0.62,0.81,0.048,294.6,8.9,NaN,3,0.987,0.0108,5.39,NaN,0,NaN,0
5.47,275.1,2.97,10,2.97,7.51,0.58,-4.59,10,-4.59,8.68,0.63,-0.04,10,-0.04,20.99,0.41,NaN,0.57,10,0.57,2.28,0.82,1.41,0.85,10,0.85,2.44,0.85,0.68,10,0.68,3.85,0.62,5.4,274.7,2.97,-4.51,-0.06,NaN,0.5,NaN,0.62,0.82,0.05,297.8,8.6,NaN,3,1.009,0.01144,5.43,NaN,0,NaN,0
5.73,276.7,2.98,10,2.98,8.1,0.6,-4.9,10,-4.9,8.73,0.63,-0.06,10,-0.06,21.01,0.42,NaN,0.25,10,0.25,2.12,0.78,NaN,0.68,10,0.68,2.31,0.83,0.75,10,0.75,4.22,0.63,5.63,275.7,3.01,-4.76,-0.05,NaN,0.51,NaN,0.61,0.83,0.051,299.5,8.4,NaN,3,1.032,0.01203,5.17,NaN,0,NaN,0
5.71,277.1,2.93,10,2.93,8.25,0.6,-4.9,10,-4.9,8.9,0.62,-0.04,10,-0.04,21.36,0.42,NaN,0.53,10,0.53,2.57,0.89,NaN,0.49,10,0.49,2.32,0.83,1.19,10,1.19,4.75,0.66,5.87,276.8,3.04,-5.02,-0.04,NaN,0.51,NaN,0.61,0.84,0.052,300,8.1,NaN,3,1.055,0.01255,4.84,NaN,0,NaN,0
6.01,277.6,3.05,10,3.05,8.22,0.57,-5.18,10,-5.18,9.12,0.62,-0.02,10,-0.02,22.68,0.42,NaN,0.46,10,0.46,2.29,0.82,0.36,0.74,10,0.74,2.19,0.8,0.79,10,0.79,4.05,0.62,6.11,277.7,3.08,-5.28,-0.04,NaN,0.51,NaN,0.59,0.85,0.053,299.7,7.9,NaN,4,1.078,0.01297,4.16,NaN,0,NaN,0
6.37,279.3,3.06,10,3.06,8.17,0.55,-5.58,10,-5.58,9.4,0.61,-0.03,10,-0.03,23.34,0.41,NaN,0.49,10,0.49,2.41,0.85,NaN,0.61,10,0.61,1.81,0.7,0.89,10,0.89,4.52,0.64,6.36,278.6,3.12,-5.54,-0.04,NaN,0.51,NaN,NaN,0.86,0.053,298.7,7.7,NaN,4,1.1,0.01329,3.71,NaN,0,NaN,0
6.73,279.3,3.23,10,3.23,8.12,0.52,-5.91,10,-5.91,9.56,0.6,-0.01,10,-0.01,24.3,0.44,NaN,0.56,10,0.56,1.75,0.69,NaN,0.64,10,0.64,2.12,0.78,0.84,10,0.84,4.71,0.67,6.61,279.4,3.17,-5.81,-0.04,NaN,0.52,NaN,NaN,0.86,0.053,297.2,7.4,NaN,4,1.122,0.01353,3.95,NaN,0,NaN,0
6.93,280.3,3.22,10,3.22,8.08,0.5,-6.13,10,-6.13,9.49,0.6,0.01,10,0.01,24.76,0.44,NaN,0.46,10,0.46,1.47,0.61,NaN,0.48,10,0.48,1.81,0.7,0.85,10,0.85,4.28,0.61,6.87,280,3.22,-6.07,-0.04,NaN,0.52,NaN,NaN,0.87,0.053,295.4,7.2,NaN,4,1.143,0.01367,3.51,NaN,0,NaN,0
7.15,280.2,3.33,10,3.33,8.15,0.49,-6.33,10,-6.33,9.4,0.59,0.01,10,0.01,24.7,0.44,NaN,0.43,10,0.43,1.78,0.7,NaN,0.55,10,0.55,1.74,0.68,0.91,10,0.91,5.99,0.81,7.12,280.6,3.28,-6.32,-0.04,NaN,0.53,NaN,NaN,0.88,0.052,293.4,7,NaN,4,1.163,0.01373,3.25,NaN,0,NaN,0
7.3,280.9,3.33,10,3.33,7.89,0.46,-6.5,10,-6.5,9.05,0.57,-0.02,10,-0.02,24.79,0.45,NaN,0.64,10,0.64,2.12,0.78,NaN,0.54,10,0.54,2.34,0.83,0.94,10,0.94,4.48,0.62,7.38,281,3.35,-6.57,-0.04,NaN,0.54,NaN,NaN,0.89,0.051,291.5,6.9,NaN,4,1.183,0.01369,3.4,NaN,0,NaN,0
7.56,281.6,3.36,10,3.36,7.77,0.45,-6.78,10,-6.78,8.76,0.55,-0.02,10,-0.02,24.41,0.45,NaN,0.49,10,0.49,1.81,0.7,NaN,0.42,10,0.42,2.19,0.79,0.78,10,0.78,4.1,0.6,7.62,281.3,3.43,-6.81,-0.05,NaN,0.55,NaN,NaN,0.9,0.05,289.7,6.7,NaN,4,1.202,0.01355,3.09,NaN,0,NaN,0
7.82,282.5,3.37,10,3.37,7.66,0.42,-7.06,10,-7.06,8.5,0.53,-0.04,10,-0.04,24.29,0.42,NaN,0.53,10,0.53,1.7,0.68,NaN,0.57,10,0.57,2.32,0.82,0.84,10,0.84,5.1,0.71,7.87,281.5,3.51,-7.04,-0.06,NaN,0.56,NaN,NaN,0.9,0.048,288.3,6.5,NaN,4,1.222,0.0133,3.24,NaN,0,NaN,0
8.02,282.3,3.48,10,3.48,7.3,0.38,-7.23,10,-7.23,8.67,0.52,-0.07,10,-0.07,23.98,0.41,NaN,0.61,10,0.61,1.9,0.73,NaN,NaN,5,0.35,2.16,0.79,0.96,10,0.96,5.1,0.71,8.1,281.7,3.59,-7.26,-0.06,NaN,0.57,NaN,NaN,0.91,0.046,287.5,6.4,NaN,4,1.241,0.01293,3.08,NaN,0,NaN,0
8.27,282.4,3.57,10,3.57,6.8,0.35,-7.45,10,-7.45,8.67,0.5,-0.12,10,-0.12,24.46,0.42,NaN,0.62,10,0.62,1.98,0.75,NaN,NaN,5,0.36,1.95,0.74,0.84,10,0.84,4.03,0.56,8.32,281.8,3.67,-7.47,-0.07,NaN,0.59,NaN,NaN,0.92,0.043,287.6,6.3,NaN,4,1.261,0.01241,2.89,NaN,0,NaN,0
8.51,282.5,3.66,10,3.66,6.92,0.34,-7.69,10,-7.69,8.77,0.51,-0.09,10,-0.09,24.61,0.41,NaN,NaN,5,0.78,1.72,0.68,NaN,NaN,5,0.47,1.93,0.73,0.99,10,0.99,5.17,0.7,8.53,282,3.74,-7.67,-0.08,NaN,0.6,NaN,NaN,0.92,0.04,289,6.2,NaN,4,1.282,0.01173,2.73,NaN,0,NaN,0
8.82,282.3,3.82,10,3.82,6.66,0.32,-7.95,10,-7.95,8.14,0.47,-0.11,10,-0.11,24.6,0.39,NaN,0.41,10,0.41,1.55,0.63,NaN,NaN,5,0.37,1.92,0.73,0.88,10,0.88,4.91,0.68,8.72,282.2,3.8,-7.85,-0.08,NaN,0.61,NaN,NaN,0.93,0.037,292.4,6.1,NaN,4,1.305,0.01093,3.01,NaN,0,NaN,0
8.91,282.1,3.89,10,3.89,6.37,0.3,-8.01,10,-8.01,7.85,0.45,-0.12,10,-0.12,24.4,0.39,NaN,0.57,10,0.57,2.09,0.77,NaN,NaN,5,0.49,2.61,0.89,1.09,10,1.09,5,0.66,8.9,282.4,3.84,-8.02,-0.09,NaN,NaN,NaN,NaN,0.94,0.033,298.8,6,NaN,4,1.33,0.01006,2.62,NaN,0,NaN,0
9.19,282.4,3.97,10,3.97,6.49,0.31,-8.29,10,-8.29,7.47,0.42,-0.11,10,-0.11,24.06,0.38,NaN,0.64,10,0.64,1.58,0.64,NaN,NaN,5,0.75,2.16,0.79,0.82,10,0.82,4.94,0.66,9.04,282.8,3.85,-8.18,-0.09,NaN,NaN,NaN,NaN,0.95,0.03,309.6,6,NaN,4,1.359,0.00932,2.52,NaN,0,NaN,0
9.55,282.6,4.09,10,4.09,6.57,0.31,-8.62,10,-8.62,7.44,0.44,-0.09,10,-0.09,23.13,0.37,NaN,0.66,10,0.66,1.34,0.58,NaN,NaN,5,0.77,2.19,0.79,0.93,10,0.93,5.4,0.68,9.17,283.3,3.83,-8.33,-0.09,NaN,NaN,NaN,NaN,0.96,0.029,325.7,6,NaN,4,1.391,0.00914,2.39,NaN,0,NaN,0
9.54,283,4.03,10,4.03,6.54,0.34,-8.65,10,-8.65,6.82,0.44,-0.1,10,-0.1,22.47,0.39,NaN,0.76,10,0.76,1.3,0.56,NaN,NaN,5,0.48,1.41,0.59,0.91,10,0.91,4.93,0.66,9.26,284,3.77,-8.46,-0.09,NaN,NaN,NaN,NaN,0.98,0.031,344.7,6,NaN,4,1.429,0.01011,NaN,NaN,0,NaN,0
