NaN,NaN,NaN,0,NaN,NaN,NaN,NaN,0,NaN,NaN,NaN,NaN,5,-0.62,3.65,0.15,NaN,NaN,0,NaN,NaN,NaN,NaN,NaN,1,1.31,0.52,0.3,NaN,2,2.08,2.94,0.44,NaN,NaN,NaN,NaN,NaN,NaN,NaN,NaN,NaN,NaN,NaN,NaN,NaN,NaN,NaN,NaN,NaN,39100000,NaN,0,NaN,0
NaN,NaN,NaN,2,2.7,0.97,0.07,NaN,4,2.59,1.94,0.13,NaN,5,1.1,3.56,0.11,NaN,NaN,5,0.82,1.21,0.55,NaN,NaN,1,0.5,0.83,0.41,NaN,2,2.36,2.64,0.42,NaN,NaN,NaN,NaN,NaN,NaN,NaN,NaN,NaN,NaN,NaN,NaN,NaN,NaN,NaN,NaN,NaN,21800,NaN,0,NaN,0
2.69,179.7,2.11,10,2.11,2.55,0.24,1.67,10,1.67,3.47,0.34,0.17,10,0.17,7.45,0.24,NaN,NaN,5,1,1.61,0.65,NaN,NaN,5,1.06,1.48,0.6,NaN,2,0.94,2.43,0.43,NaN,NaN,NaN,NaN,NaN,NaN,NaN,NaN,NaN,NaN,NaN,NaN,NaN,NaN,NaN,NaN,NaN,1460,1140000,0,NaN,0
3.65,181.9,2.95,10,2.95,2.32,0.22,2.16,10,2.16,3.58,0.4,0.25,10,0.25,8.87,0.29,NaN,NaN,2,1.02,1,0.47,NaN,NaN,5,1.34,1.74,0.67,NaN,2,0.98,2.78,0.48,NaN,NaN,NaN,NaN,NaN,NaN,NaN,NaN,NaN,NaN,NaN,NaN,NaN,NaN,NaN,NaN,NaN,1380,NaN,0,NaN,0
3.44,177.6,2.62,10,2.62,4.56,0.25,2.23,10,2.23,6.91,0.41,0.18,10,0.18,16.93,0.32,NaN,NaN,1,0.92,0.99,0.47,NaN,NaN,5,0.83,1.35,0.57,NaN,5,1.11,3.77,0.6,NaN,NaN,NaN,NaN,NaN,NaN,NaN,NaN,NaN,NaN,NaN,NaN,NaN,NaN,NaN,NaN,NaN,759,1710000,0,NaN,0
3.42,177.2,2.59,10,2.59,5,0.27,2.23,10,2.23,7.32,0.5,0.17,10,0.17,17.29,0.33,NaN,NaN,5,1.13,1.23,0.54,NaN,NaN,5,0.81,2.01,0.74,NaN,5,1.15,3.1,0.52,NaN,NaN,NaN,NaN,NaN,NaN,NaN,NaN,NaN,NaN,NaN,NaN,NaN,NaN,NaN,NaN,NaN,523,1830000,0,NaN,0
3.42,174.6,2.49,10,2.49,4.67,0.26,2.35,10,2.35,7.79,0.58,0.11,10,0.11,16.61,0.31,NaN,NaN,5,0.62,1.43,0.6,NaN,NaN,5,0.83,2.56,0.87,NaN,5,1.13,3.93,0.61,NaN,NaN,NaN,NaN,NaN,NaN,NaN,NaN,NaN,NaN,NaN,NaN,NaN,NaN,NaN,NaN,NaN,271,1430000,0,NaN,0
3.32,174.4,2.41,10,2.41,4.09,0.22,2.29,10,2.29,7.13,0.6,0.14,10,0.14,16.4,0.3,NaN,NaN,5,0.81,1.15,0.52,NaN,NaN,5,0.92,2.53,0.86,NaN,5,1.07,3.05,0.51,NaN,NaN,NaN,NaN,NaN,NaN,NaN,NaN,NaN,NaN,NaN,NaN,NaN,NaN,NaN,NaN,NaN,244,1670000,0,NaN,0
3.2,166.3,1.98,10,1.98,3.7,0.21,2.51,10,2.51,6.66,0.57,0.14,10,0.14,16.71,0.29,NaN,NaN,5,1.04,1.6,0.64,NaN,0.62,10,0.62,2.81,0.92,NaN,2,0.97,2.44,0.45,NaN,NaN,NaN,NaN,NaN,NaN,NaN,NaN,NaN,NaN,NaN,NaN,NaN,NaN,NaN,NaN,NaN,152,1450000,0,NaN,0
3.37,166.8,2.11,10,2.11,3.47,0.27,2.63,10,2.63,6.44,0.56,0.18,10,0.18,17.41,0.3,NaN,NaN,5,0.55,1.49,0.63,NaN,0.58,10,0.58,2.12,0.77,NaN,5,1.11,2.93,0.5,NaN,NaN,NaN,NaN,NaN,NaN,NaN,NaN,NaN,NaN,NaN,NaN,NaN,NaN,NaN,NaN,NaN,129,1700000,0,NaN,256
3.56,163,2.04,10,2.04,3.43,0.31,2.92,10,2.92,5.92,0.5,0.16,10,0.16,18.03,0.3,NaN,NaN,5,0.25,2.06,0.78,NaN,NaN,5,0.89,2.22,0.79,NaN,5,1.06,3.06,0.52,NaN,NaN,NaN,NaN,NaN,NaN,NaN,NaN,NaN,NaN,NaN,NaN,NaN,NaN,NaN,NaN,NaN,111,1930000,0,NaN,256
3.39,165.3,2.05,10,2.05,4.54,0.33,2.69,10,2.69,8.21,0.52,0.15,10,0.15,24.1,0.3,NaN,NaN,5,0.34,3,1,NaN,0.54,10,0.54,1.35,0.57,NaN,2,0.86,2.75,0.47,NaN,NaN,NaN,NaN,NaN,NaN,NaN,NaN,NaN,NaN,NaN,NaN,NaN,NaN,NaN,NaN,NaN,103,2400000,0,NaN,256
3.18,161.8,1.77,10,1.77,4.97,0.42,2.65,10,2.65,8.34,0.5,0.15,10,0.15,24.29,0.3,NaN,NaN,5,0.32,3,1,NaN,0.74,10,0.74,2.49,0.85,NaN,2,0.92,2.93,0.49,NaN,NaN,NaN,NaN,NaN,NaN,NaN,NaN,NaN,NaN,NaN,NaN,NaN,NaN,NaN,NaN,NaN,78.7,2390000,0,NaN,256
3.24,164.1,1.91,10,1.91,5.29,0.44,2.62,10,2.62,8.54,0.48,0.15,10,0.15,24.09,0.29,NaN,NaN,5,0.45,1.24,0.56,NaN,NaN,5,0.8,2.12,0.77,NaN,2,1.05,3.01,0.5,NaN,NaN,NaN,NaN,NaN,NaN,NaN,NaN,NaN,NaN,NaN,NaN,NaN,NaN,NaN,NaN,NaN,77.7,3090000,0,NaN,256
3.22,165.2,1.95,10,1.95,5.41,0.45,2.56,10,2.56,9.16,0.51,0.17,10,0.17,23.97,0.28,NaN,NaN,5,0.59,2.06,0.77,NaN,NaN,5,0.73,1.81,0.69,NaN,2,1.06,2.87,0.49,NaN,NaN,NaN,NaN,NaN,NaN,NaN,NaN,NaN,NaN,NaN,NaN,NaN,NaN,NaN,NaN,NaN,41,NaN,0,NaN,256
3.28,163.6,1.91,10,1.91,5.27,0.44,2.66,10,2.66,9.43,0.5,0.16,10,0.16,23.13,0.27,NaN,NaN,5,0.72,2.06,0.77,NaN,NaN,5,0.77,2.08,0.76,NaN,2,1.09,2.76,0.46,3.54,167.1,2.23,2.75,NaN,NaN,NaN,NaN,NaN,NaN,0.011,163.6,NaN,NaN,NaN,NaN,NaN,30.9,NaN,0,NaN,256
3.43,162.9,1.97,10,1.97,5.45,0.44,2.82,10,2.82,9.46,0.48,0.14,10,0.14,22.17,0.26,NaN,NaN,5,1.13,1.75,0.7,NaN,NaN,5,1.07,1.87,0.71,NaN,2,1,3.04,0.5,3.6,167,2.27,2.8,NaN,NaN,NaN,NaN,NaN,NaN,0.012,157.3,NaN,NaN,NaN,NaN,NaN,31,1890000,2,NaN,256
3.7,167.8,2.37,10,2.37,5.15,0.36,2.85,10,2.85,9.7,0.47,0.13,10,0.13,21.6,0.25,NaN,NaN,5,1.04,2.16,0.8,NaN,NaN,5,0.82,2.06,0.75,NaN,2,1.18,2.81,0.47,3.66,166.8,2.29,2.85,NaN,NaN,NaN,NaN,NaN,NaN,0.012,144.5,NaN,NaN,NaN,NaN,NaN,22.6,NaN,0,NaN,0
3.77,166.6,2.36,10,2.36,4.78,0.31,2.95,10,2.95,9.4,0.47,0.12,10,0.12,21.27,0.25,NaN,NaN,5,0.77,2.3,0.83,NaN,NaN,5,0.72,1.48,0.6,NaN,5,0.97,3.27,0.53,3.71,166.3,2.3,2.91,NaN,NaN,NaN,NaN,NaN,NaN,0.013,132,NaN,NaN,NaN,NaN,NaN,22,NaN,0,NaN,0
3.89,168.1,2.51,10,2.51,5.12,0.31,2.98,10,2.98,9.3,0.47,0.1,10,0.1,20.36,0.24,NaN,NaN,5,0.63,1.87,0.73,NaN,NaN,5,0.89,2.26,0.8,NaN,2,2.33,2.39,0.42,3.76,165.6,2.3,2.98,NaN,NaN,NaN,NaN,NaN,NaN,0.015,121.3,NaN,NaN,NaN,NaN,NaN,22.7,NaN,0,NaN,0
4.04,168.3,2.61,10,2.61,5.61,0.32,3.08,10,3.08,9.05,0.47,0.13,10,0.13,19.95,0.23,NaN,NaN,5,0.8,1.56,0.64,NaN,NaN,5,0.87,1.96,0.73,NaN,2,1.1,2.97,0.49,3.82,164.7,2.28,3.06,NaN,NaN,NaN,NaN,NaN,NaN,0.017,113,NaN,NaN,NaN,NaN,NaN,14.5,NaN,0,NaN,0
4.13,167.6,2.63,10,2.63,5.9,0.32,3.18,10,3.18,9.03,0.48,0.14,10,0.14,19.46,0.22,NaN,NaN,5,0.29,1.73,0.69,NaN,0.67,10,0.67,2.14,0.77,NaN,5,1.3,3.4,0.53,3.87,163.6,2.26,3.14,NaN,NaN,NaN,NaN,NaN,NaN,0.019,107,NaN,NaN,NaN,NaN,NaN,15.9,NaN,0,NaN,0
4.24,167.6,2.7,10,2.7,6.12,0.33,3.27,10,3.27,8.68,0.47,0.13,10,0.13,18.87,0.21,NaN,NaN,5,0.69,1.87,0.72,NaN,0.49,10,0.49,1.73,0.67,NaN,5,1.03,3.63,0.54,3.92,162.4,2.22,3.24,NaN,NaN,NaN,NaN,NaN,NaN,0.021,103.1,NaN,NaN,NaN,NaN,NaN,13.8,NaN,0,NaN,0
4.11,166.7,2.57,10,2.57,6.43,0.36,3.21,10,3.21,8.54,0.45,0.11,10,0.11,18.19,0.2,NaN,NaN,5,0.81,1.75,0.69,NaN,0.42,10,0.42,1.74,0.68,NaN,2,2.37,2.37,0.4,3.98,161,2.17,3.33,NaN,NaN,NaN,NaN,NaN,NaN,0.022,100.8,NaN,NaN,NaN,NaN,NaN,12.1,NaN,0,NaN,0
4.15,161.9,2.32,10,2.32,6.27,0.35,3.44,10,3.44,8.13,0.41,0.11,10,0.11,17.53,0.2,NaN,NaN,5,0.79,1.82,0.71,NaN,NaN,5,0.99,1.68,0.66,NaN,2,2.39,2.16,0.39,4.03,159.6,2.11,3.43,NaN,NaN,NaN,NaN,NaN,NaN,0.023,100.1,NaN,NaN,NaN,NaN,NaN,12.4,NaN,0,NaN,0
4.22,156.9,2.04,10,2.04,5.93,0.33,3.69,10,3.69,7.74,0.38,0.06,10,0.06,17.25,0.2,NaN,NaN,5,0.75,2.11,0.79,NaN,NaN,5,0.81,1.51,0.61,NaN,2,2.53,2,0.36,4.09,158.2,2.06,3.54,NaN,NaN,NaN,NaN,NaN,NaN,0.023,101,NaN,NaN,NaN,NaN,NaN,11.1,NaN,0,NaN,0
4.12,153.7,1.79,10,1.79,6.2,0.35,3.71,10,3.71,6.9,0.32,0.06,10,0.06,16.44,0.19,NaN,NaN,5,0.56,1.22,0.54,NaN,NaN,5,1.4,1.82,0.69,NaN,5,0.96,3.83,0.56,4.16,156.9,2.01,3.64,NaN,NaN,NaN,NaN,NaN,NaN,0.023,104.1,NaN,NaN,NaN,NaN,NaN,12.7,NaN,0,NaN,0
4.2,147.4,1.39,10,1.39,6.18,0.33,3.97,10,3.97,6.59,0.29,0.03,10,0.03,14.14,0.18,NaN,NaN,5,0.43,2.04,0.76,NaN,NaN,5,0.67,1.7,0.66,NaN,2,2.19,1.88,0.36,4.23,155.7,1.97,3.74,NaN,NaN,NaN,NaN,NaN,NaN,0.021,110.3,NaN,NaN,NaN,NaN,NaN,12.5,NaN,0,NaN,0
4.35,145.1,1.28,10,1.28,6.01,0.29,4.15,10,4.15,5.98,0.26,-0.02,10,-0.02,12.92,0.18,NaN,NaN,5,0.45,1.42,0.6,NaN,NaN,1,0.55,0.8,0.4,NaN,2,2.76,2.06,0.37,4.31,154.8,1.94,3.84,NaN,NaN,NaN,NaN,NaN,NaN,0.019,121.3,NaN,NaN,NaN,NaN,NaN,11,NaN,0,NaN,0
4.48,146.3,1.41,10,1.41,5.76,0.27,4.25,10,4.25,5.79,0.25,-0.03,10,-0.03,11.55,0.18,NaN,NaN,5,0.95,1.49,0.62,NaN,NaN,5,1.02,1.77,0.68,NaN,2,2.57,1.83,0.38,4.39,154.3,1.95,3.93,NaN,NaN,NaN,NaN,NaN,NaN,0.018,128.8,NaN,NaN,NaN,NaN,NaN,11.4,NaN,0,NaN,0
4.55,152.2,1.87,10,1.87,5.47,0.24,4.15,10,4.15,5.56,0.24,0,10,0,10.39,0.17,NaN,NaN,5,0.81,1.77,0.7,NaN,NaN,5,0.76,1.61,0.64,NaN,5,1.35,3.1,0.55,NaN,NaN,NaN,NaN,NaN,NaN,NaN,NaN,NaN,NaN,NaN,NaN,NaN,NaN,NaN,NaN,NaN,10.4,NaN,0,NaN,0
4.86,156.8,2.34,10,2.34,5,0.2,4.26,10,4.26,5.63,0.24,-0.04,10,-0.04,9.68,0.16,NaN,NaN,5,0.68,1.71,0.68,NaN,NaN,5,0.63,1.36,0.57,NaN,2,2.5,1.61,0.38,NaN,NaN,NaN,NaN,NaN,NaN,NaN,NaN,NaN,NaN,NaN,NaN,NaN,NaN,NaN,NaN,NaN,8.48,NaN,0,NaN,0
4.94,161.2,2.71,10,2.71,4.68,0.19,4.13,10,4.13,5.21,0.22,-0.05,10,-0.05,9.88,0.16,NaN,NaN,5,0.68,1.47,0.62,NaN,NaN,5,1,1.27,0.54,NaN,5,1.14,3.5,0.54,NaN,NaN,NaN,NaN,NaN,NaN,NaN,NaN,NaN,NaN,NaN,NaN,NaN,NaN,NaN,NaN,NaN,7.72,NaN,0,NaN,0
5.18,163,2.97,10,2.97,3.83,0.15,4.24,10,4.24,5.54,0.23,-0.02,10,-0.02,9.27,0.16,NaN,NaN,5,1.09,1.19,0.53,NaN,NaN,5,1.12,2.07,0.75,NaN,2,2.65,2.05,0.36,NaN,NaN,NaN,NaN,NaN,NaN,NaN,NaN,NaN,NaN,NaN,NaN,NaN,NaN,NaN,NaN,NaN,8.82,NaN,0,NaN,0
5.14,163.5,2.98,10,2.98,3.25,0.13,4.18,10,4.18,4.93,0.2,-0.01,10,-0.01,9.49,0.16,NaN,NaN,5,0.87,1.31,0.57,NaN,NaN,1,1.1,0.86,0.42,NaN,5,1.17,3.5,0.52,NaN,NaN,NaN,NaN,NaN,NaN,NaN,NaN,NaN,NaN,NaN,NaN,NaN,NaN,NaN,NaN,NaN,9.88,NaN,0,NaN,0
5.24,166.7,3.27,10,3.27,2.73,0.11,4.09,10,4.09,4.77,0.21,-0.06,10,-0.06,9.43,0.16,NaN,NaN,1,0.58,0.81,0.41,NaN,NaN,5,1.28,1.35,0.57,NaN,2,2.39,1.43,0.31,NaN,NaN,NaN,NaN,NaN,NaN,NaN,NaN,NaN,NaN,NaN,NaN,NaN,NaN,NaN,NaN,NaN,11.3,NaN,0,NaN,0
NaN,NaN,NaN,2,2.92,2.39,0.09,NaN,4,4.04,4.53,0.2,-0.05,10,-0.05,8.92,0.16,NaN,NaN,1,2.79,0.79,0.41,NaN,NaN,5,1.27,1.14,0.51,NaN,5,0.77,3.39,0.59,NaN,NaN,NaN,NaN,NaN,NaN,NaN,NaN,NaN,NaN,NaN,NaN,NaN,NaN,NaN,NaN,NaN,9.81,NaN,0,NaN,0
NaN,NaN,NaN,2,3.06,2.2,0.09,NaN,4,4.09,4.69,0.21,-0.07,10,-0.07,8.74,0.17,NaN,NaN,5,0.31,1.18,0.53,NaN,NaN,2,0.79,1.1,0.5,NaN,2,2.53,1.78,0.36,NaN,NaN,NaN,NaN,NaN,NaN,NaN,NaN,NaN,NaN,NaN,NaN,NaN,NaN,NaN,NaN,NaN,7.91,NaN,0,NaN,0
NaN,NaN,NaN,5,2.17,3.29,0.15,NaN,5,3.98,5.04,0.26,-0.07,10,-0.07,8.22,0.2,NaN,NaN,5,0.84,1.44,0.6,NaN,NaN,5,1.06,1.8,0.69,NaN,2,0.95,1.65,0.48,NaN,NaN,NaN,NaN,NaN,NaN,NaN,NaN,NaN,NaN,NaN,NaN,NaN,NaN,NaN,NaN,NaN,NaN,NaN,0,NaN,0
