NaN,NaN,NaN,0,NaN,NaN,NaN,NaN,1,-13.3,0.39,0.05,NaN,5,-4.24,4.35,0.21,NaN,NaN,0,NaN,NaN,NaN,NaN,NaN,5,1.57,1.12,0.5,NaN,5,1.24,4.01,0.55,NaN,NaN,NaN,NaN,NaN,NaN,NaN,NaN,NaN,NaN,NaN,NaN,NaN,NaN,NaN,NaN,NaN,150000000,NaN,0,NaN,0
NaN,NaN,NaN,2,-1.7,1.24,0.07,NaN,1,-10.41,0.16,0.01,-0.34,10,-0.34,3.16,0.1,NaN,NaN,1,1.53,0.89,0.43,NaN,NaN,1,1.54,0.93,0.45,NaN,2,1.02,2.65,0.43,NaN,NaN,NaN,NaN,NaN,NaN,NaN,NaN,NaN,NaN,NaN,NaN,NaN,NaN,NaN,NaN,NaN,70500,NaN,0,NaN,0
NaN,NaN,NaN,2,-1.91,1.77,0.09,NaN,2,0.12,1.29,0.07,-0.02,10,-0.02,3.7,0.12,NaN,NaN,1,0.64,0.83,0.41,NaN,NaN,1,1.97,0.69,0.37,NaN,2,1.94,1.67,0.33,NaN,NaN,NaN,NaN,0.02,NaN,NaN,NaN,NaN,NaN,NaN,NaN,NaN,NaN,NaN,NaN,NaN,23300,NaN,0,NaN,0
NaN,NaN,NaN,2,-1.88,1.59,0.08,NaN,4,0.29,2.96,0.16,0.22,10,0.22,5.07,0.16,NaN,NaN,1,2.53,0.8,0.4,NaN,NaN,1,1.35,0.93,0.45,NaN,2,1.56,1.66,0.33,NaN,NaN,NaN,NaN,0.02,NaN,NaN,NaN,NaN,NaN,NaN,NaN,NaN,NaN,NaN,NaN,NaN,21500,NaN,0,NaN,0
1.58,55.6,-1.51,10,-1.51,2.44,0.12,0.48,10,0.48,4.12,0.25,0.12,10,0.12,10.37,0.21,NaN,NaN,5,1.72,1.13,0.5,NaN,0.56,10,0.56,1.31,0.56,NaN,2,0.74,2.36,0.42,NaN,NaN,NaN,NaN,0.03,NaN,NaN,NaN,NaN,NaN,NaN,NaN,NaN,NaN,NaN,NaN,NaN,3720,NaN,0,NaN,0
1.35,59.4,-1.26,10,-1.26,3.99,0.21,0.49,10,0.49,4.95,0.32,0.09,10,0.09,10.96,0.26,NaN,NaN,5,0.53,1.51,0.61,NaN,0.47,10,0.47,1.18,0.53,NaN,2,0.9,2.18,0.4,NaN,NaN,NaN,NaN,0.04,NaN,NaN,NaN,NaN,NaN,NaN,NaN,NaN,NaN,NaN,NaN,NaN,1940,NaN,0,NaN,0
1.82,65.9,-1.6,10,-1.6,4.71,0.27,0.85,10,0.85,5.78,0.4,0.07,10,0.07,11.55,0.32,NaN,NaN,2,0.66,1.07,0.49,NaN,0.49,10,0.49,1.13,0.51,NaN,2,0.89,2.72,0.48,NaN,NaN,NaN,NaN,0.05,NaN,NaN,NaN,0.51,NaN,NaN,NaN,NaN,NaN,NaN,NaN,NaN,1180,NaN,0,NaN,0
1.96,61,-1.8,10,-1.8,4.37,0.27,0.76,10,0.76,6.3,0.46,0.06,10,0.06,12.64,0.38,NaN,NaN,5,0.48,1.74,0.67,NaN,0.51,10,0.51,1.31,0.57,0.72,10,0.72,3.27,0.54,NaN,NaN,NaN,NaN,0.06,NaN,NaN,NaN,0.5,0.84,NaN,NaN,NaN,NaN,NaN,1.049,NaN,804,NaN,0,NaN,0
1.8,61.8,-1.64,10,-1.64,3.76,0.24,0.73,10,0.73,6.35,0.51,0.06,10,0.06,13.24,0.41,NaN,NaN,1,1.83,0.7,0.37,NaN,0.58,10,0.58,1.51,0.62,0.77,10,0.77,3.95,0.64,NaN,NaN,NaN,NaN,0.08,NaN,NaN,NaN,0.5,0.84,NaN,NaN,NaN,NaN,NaN,1.063,NaN,487,NaN,0,NaN,0
0.97,74.1,-0.78,10,-0.78,4.05,0.32,0.57,10,0.57,6.4,0.57,0.08,10,0.08,13.47,0.4,NaN,NaN,1,0.48,0.93,0.44,NaN,0.31,10,0.31,1.64,0.66,0.77,10,0.77,3.52,0.57,NaN,NaN,NaN,NaN,0.09,NaN,NaN,NaN,0.49,0.85,NaN,NaN,NaN,NaN,NaN,1.081,NaN,448,NaN,0,NaN,0
NaN,NaN,NaN,0,NaN,NaN,NaN,NaN,4,0.44,6.2,0.58,0.16,10,0.16,13.56,0.37,NaN,NaN,0,NaN,NaN,NaN,NaN,0.51,10,0.51,1.96,0.74,0.74,10,0.74,3.82,0.57,NaN,NaN,NaN,NaN,0.1,NaN,NaN,NaN,0.48,0.86,NaN,NaN,NaN,NaN,NaN,1.102,NaN,442,7840000,0,NaN,0
NaN,NaN,NaN,0,NaN,NaN,NaN,NaN,4,0.41,8.18,0.59,0.13,10,0.13,19.07,0.38,NaN,NaN,0,NaN,NaN,NaN,NaN,0.63,10,0.63,1.73,0.68,0.94,10,0.94,3.63,0.58,NaN,NaN,NaN,NaN,0.11,NaN,NaN,NaN,0.48,0.87,NaN,NaN,NaN,NaN,NaN,1.124,NaN,370,8760000,0,NaN,0
NaN,NaN,NaN,0,NaN,NaN,NaN,NaN,4,0.45,8.33,0.59,0.14,10,0.14,20.08,0.37,NaN,NaN,0,NaN,NaN,NaN,NaN,0.57,10,0.57,1.89,0.72,0.96,10,0.96,3.62,0.55,NaN,NaN,NaN,NaN,0.12,NaN,NaN,NaN,0.47,0.87,NaN,NaN,NaN,NaN,NaN,1.146,NaN,354,11100000,0,NaN,0
NaN,NaN,NaN,0,NaN,NaN,NaN,NaN,4,0.32,8.38,0.58,0.13,10,0.13,21.52,0.37,NaN,NaN,0,NaN,NaN,NaN,NaN,0.48,10,0.48,1.68,0.67,0.98,10,0.98,3.92,0.62,NaN,NaN,NaN,NaN,0.13,NaN,NaN,NaN,0.46,0.88,NaN,NaN,NaN,NaN,NaN,1.167,NaN,212,8540000,0,NaN,0
NaN,NaN,NaN,0,NaN,NaN,NaN,NaN,4,0.34,8.86,0.59,0.13,10,0.13,22.3,0.36,NaN,NaN,0,NaN,NaN,NaN,NaN,0.45,10,0.45,1.63,0.65,0.89,10,0.89,3.11,0.5,NaN,NaN,NaN,NaN,0.14,NaN,NaN,NaN,0.46,0.89,NaN,NaN,NaN,NaN,NaN,1.186,NaN,125,5160000,0,NaN,0
1.08,63.9,-0.97,10,-0.97,6.16,0.5,0.47,10,0.47,8.89,0.59,0.12,10,0.12,22.84,0.35,NaN,NaN,5,0.64,1.65,0.65,NaN,0.34,10,0.34,1.47,0.62,0.92,10,0.92,3.21,0.54,NaN,NaN,NaN,NaN,0.15,NaN,NaN,NaN,0.46,0.9,NaN,NaN,NaN,NaN,NaN,1.202,NaN,68.6,NaN,0,NaN,256
1.23,62.6,-1.12,10,-1.12,6.55,0.51,0.51,10,0.51,9.27,0.59,0.15,10,0.15,22.85,0.32,NaN,0.38,10,0.38,1.68,0.66,NaN,0.36,10,0.36,1.87,0.72,0.96,10,0.96,3.97,0.59,NaN,NaN,NaN,NaN,0.15,NaN,0.52,NaN,0.46,0.9,NaN,NaN,NaN,NaN,NaN,1.215,NaN,58.7,NaN,0,NaN,0
1.32,59.8,-1.23,10,-1.23,6.98,0.5,0.49,10,0.49,9.59,0.6,0.17,10,0.17,23.02,0.32,NaN,0.53,10,0.53,2.07,0.75,NaN,0.47,10,0.47,1.88,0.72,NaN,2,1.13,2.92,0.48,NaN,NaN,NaN,NaN,0.16,NaN,0.49,NaN,0.47,NaN,NaN,NaN,NaN,NaN,NaN,NaN,NaN,48.2,NaN,0,NaN,0
1.33,62.3,-1.21,10,-1.21,7.09,0.49,0.55,10,0.55,9.91,0.6,0.17,10,0.17,22.16,0.3,NaN,0.48,10,0.48,2.62,0.88,NaN,0.34,10,0.34,1.7,0.67,NaN,5,0.92,3.41,0.55,NaN,NaN,NaN,NaN,0.16,NaN,0.46,NaN,0.47,NaN,NaN,NaN,NaN,NaN,NaN,NaN,NaN,41.8,NaN,0,NaN,0
1.37,64.7,-1.23,10,-1.23,7.7,0.51,0.62,10,0.62,9.84,0.59,0.13,10,0.13,21.9,0.29,NaN,0.46,10,0.46,1.82,0.69,NaN,0.54,10,0.54,2.17,0.79,NaN,5,0.95,4.1,0.6,NaN,NaN,NaN,NaN,0.16,NaN,0.44,NaN,0.48,NaN,NaN,NaN,NaN,NaN,NaN,NaN,NaN,33.7,NaN,0,NaN,0
1.3,65.5,-1.15,10,-1.15,7.96,0.49,0.6,10,0.6,10.17,0.58,0.12,10,0.12,21.27,0.28,NaN,0.46,10,0.46,1.92,0.72,NaN,0.5,10,0.5,1.5,0.62,NaN,5,0.86,3.5,0.56,NaN,NaN,NaN,NaN,0.16,NaN,0.43,NaN,0.5,NaN,NaN,NaN,NaN,NaN,NaN,NaN,NaN,34.8,NaN,0,NaN,0
1.29,72.4,-1.06,10,-1.06,8.21,0.46,0.73,10,0.73,10.07,0.58,0.14,10,0.14,20.91,0.27,NaN,0.5,10,0.5,2.08,0.76,NaN,0.44,10,0.44,1.49,0.62,NaN,2,0.91,3.08,0.5,NaN,NaN,NaN,NaN,0.16,NaN,0.43,NaN,0.51,NaN,NaN,NaN,NaN,NaN,NaN,NaN,NaN,34,NaN,0,NaN,0
1.24,80.6,-0.91,10,-0.91,8.36,0.45,0.84,10,0.84,10.03,0.58,0.13,10,0.13,20.2,0.25,NaN,0.3,10,0.3,1.42,0.59,NaN,0.54,10,0.54,1.94,0.73,NaN,5,0.91,3.22,0.52,NaN,NaN,NaN,NaN,0.16,NaN,0.44,NaN,0.53,NaN,NaN,NaN,NaN,NaN,NaN,NaN,NaN,27.7,NaN,0,NaN,0
1.27,86.5,-0.84,10,-0.84,8.39,0.42,0.95,10,0.95,9.54,0.55,0.15,10,0.15,20.07,0.24,NaN,NaN,5,0.56,1.9,0.71,NaN,0.62,10,0.62,1.9,0.72,NaN,2,2.31,2.32,0.41,NaN,NaN,NaN,NaN,0.15,NaN,NaN,NaN,0.54,NaN,NaN,NaN,NaN,NaN,NaN,NaN,NaN,27.5,NaN,0,NaN,0
1.31,89.3,-0.82,10,-0.82,7.5,0.36,1.02,10,1.02,9.42,0.54,0.18,10,0.18,19.48,0.23,NaN,NaN,5,0.5,1.84,0.7,NaN,0.6,10,0.6,2.35,0.84,0.83,10,0.83,3.82,0.58,NaN,NaN,NaN,NaN,0.15,NaN,NaN,NaN,0.56,NaN,NaN,NaN,NaN,NaN,NaN,NaN,NaN,29,NaN,0,NaN,0
1.42,87.3,-0.92,10,-0.92,6.73,0.32,1.07,10,1.07,8.98,0.51,0.19,10,0.19,19.18,0.22,NaN,NaN,5,0.35,1.61,0.64,NaN,0.52,10,0.52,1.56,0.63,0.76,10,0.76,3.56,0.56,NaN,NaN,NaN,NaN,0.14,NaN,NaN,NaN,0.58,NaN,NaN,NaN,NaN,NaN,NaN,NaN,NaN,25,NaN,0,NaN,0
1.44,84.6,-0.99,10,-0.99,6.3,0.3,1.05,10,1.05,8.91,0.49,0.14,10,0.14,19.21,0.22,NaN,NaN,5,0.39,1.2,0.52,NaN,0.65,10,0.65,2,0.75,0.98,10,0.98,3.14,0.5,NaN,NaN,NaN,NaN,0.13,NaN,NaN,NaN,0.6,NaN,NaN,NaN,NaN,NaN,NaN,NaN,NaN,23.1,NaN,0,NaN,0
1.51,87.6,-0.98,10,-0.98,6.31,0.3,1.15,10,1.15,8.87,0.48,0.09,10,0.09,19.35,0.23,NaN,NaN,5,0.51,1.47,0.6,NaN,0.69,10,0.69,2.05,0.76,0.79,10,0.79,3.64,0.53,NaN,NaN,NaN,NaN,0.12,NaN,NaN,NaN,0.62,NaN,NaN,NaN,NaN,NaN,NaN,NaN,NaN,22,NaN,0,NaN,0
1.5,89.3,-0.94,10,-0.94,6.36,0.31,1.17,10,1.17,9.22,0.49,0.08,10,0.08,20.24,0.24,NaN,NaN,5,0.35,2.41,0.83,NaN,0.55,10,0.55,1.88,0.72,0.79,10,0.79,4.27,0.6,NaN,NaN,NaN,NaN,0.12,NaN,NaN,NaN,0.63,NaN,NaN,NaN,NaN,NaN,NaN,NaN,NaN,20.7,NaN,0,NaN,0
1.6,95,-0.87,10,-0.87,6.56,0.32,1.34,10,1.34,9.27,0.48,0.06,10,0.06,20.51,0.24,NaN,NaN,5,1.02,1.96,0.73,NaN,0.7,10,0.7,2.3,0.82,0.81,10,0.81,4.13,0.6,NaN,NaN,NaN,NaN,0.11,NaN,NaN,NaN,0.64,NaN,NaN,NaN,NaN,NaN,NaN,NaN,NaN,20.2,NaN,0,NaN,0
1.62,97.1,-0.83,10,-0.83,6.8,0.34,1.39,10,1.39,9.53,0.47,0.04,10,0.04,20.2,0.24,NaN,NaN,5,0.8,2.16,0.78,NaN,0.65,10,0.65,1.75,0.69,0.82,10,0.82,4.29,0.61,NaN,NaN,NaN,NaN,0.1,NaN,NaN,NaN,NaN,NaN,NaN,NaN,NaN,NaN,NaN,NaN,NaN,17.6,NaN,0,NaN,0
1.58,97.2,-0.81,10,-0.81,6.72,0.34,1.36,10,1.36,9.54,0.45,0.06,10,0.06,19.91,0.24,NaN,NaN,5,0.35,1.73,0.67,NaN,0.57,10,0.57,1.91,0.73,0.75,10,0.75,3.88,0.54,NaN,NaN,NaN,NaN,0.09,NaN,NaN,NaN,NaN,NaN,NaN,NaN,NaN,NaN,NaN,NaN,NaN,19.6,NaN,0,NaN,0
1.53,97.8,-0.77,10,-0.77,6.7,0.32,1.33,10,1.33,9.33,0.42,0.09,10,0.09,20.35,0.25,NaN,NaN,5,0.8,1.8,0.69,NaN,0.7,10,0.7,1.61,0.65,0.9,10,0.9,3.72,0.54,NaN,NaN,NaN,NaN,0.09,NaN,NaN,NaN,NaN,NaN,NaN,NaN,NaN,NaN,NaN,NaN,NaN,19.9,NaN,0,NaN,0
1.63,101.9,-0.72,10,-0.72,6.35,0.29,1.46,10,1.46,9.19,0.4,0.09,10,0.09,19.82,0.24,NaN,NaN,5,0.85,1.61,0.64,NaN,0.7,10,0.7,1.42,0.6,NaN,2,2.65,2.68,0.43,NaN,NaN,NaN,NaN,0.08,NaN,NaN,NaN,NaN,NaN,NaN,NaN,NaN,NaN,NaN,NaN,NaN,17.9,NaN,0,NaN,0
1.53,100.8,-0.7,10,-0.7,6.31,0.27,1.36,10,1.36,8.91,0.38,0.11,10,0.11,19.86,0.24,NaN,NaN,5,0.59,2.19,0.78,NaN,0.61,10,0.61,1.69,0.67,0.79,10,0.79,4.09,0.58,NaN,NaN,NaN,NaN,0.08,NaN,NaN,NaN,NaN,NaN,NaN,NaN,NaN,NaN,NaN,NaN,NaN,19.6,NaN,0,NaN,0
1.44,106.8,-0.52,10,-0.52,6.37,0.26,1.34,10,1.34,8.74,0.37,0.15,10,0.15,20.12,0.24,NaN,NaN,5,1.4,1.3,0.55,NaN,0.43,10,0.43,1.32,0.57,0.95,10,0.95,4,0.56,NaN,NaN,NaN,NaN,0.08,NaN,NaN,NaN,NaN,NaN,NaN,NaN,NaN,NaN,NaN,NaN,NaN,18.3,NaN,0,NaN,0
1.66,110.4,-0.5,10,-0.5,6.83,0.26,1.58,10,1.58,8.68,0.36,0.13,10,0.13,19.94,0.23,NaN,NaN,5,0.81,1.43,0.59,NaN,NaN,2,0.54,1.01,0.48,0.72,10,0.72,4.51,0.61,NaN,NaN,NaN,NaN,0.08,NaN,NaN,NaN,NaN,NaN,NaN,NaN,NaN,NaN,NaN,NaN,NaN,17.6,NaN,0,NaN,0
1.82,106.5,-0.67,10,-0.67,6.87,0.27,1.69,10,1.69,8.05,0.35,0.12,10,0.12,19.72,0.23,NaN,NaN,5,1.21,1.56,0.63,NaN,NaN,5,0.55,1.53,0.63,0.88,10,0.88,3.46,0.51,NaN,NaN,NaN,NaN,0.09,NaN,NaN,NaN,NaN,NaN,NaN,NaN,NaN,NaN,NaN,NaN,NaN,18.8,NaN,0,NaN,0
1.68,107.9,-0.58,10,-0.58,7.12,0.32,1.58,10,1.58,7.57,0.36,0.11,10,0.11,20.99,0.28,NaN,NaN,5,0.77,1.54,0.62,NaN,NaN,5,0.41,1.37,0.58,0.78,10,0.78,3.61,0.52,NaN,NaN,NaN,NaN,0.1,NaN,NaN,NaN,NaN,NaN,NaN,NaN,NaN,NaN,NaN,NaN,NaN,16.3,NaN,0,NaN,0
