NaN,NaN,NaN,4,-11.81,1.4,0.19,NaN,1,-2.09,0.47,0.06,NaN,5,-4.1,3.73,0.18,NaN,NaN,1,1.94,0.78,0.41,NaN,NaN,1,1.31,0.83,0.41,NaN,5,2.48,3.97,0.56,NaN,NaN,NaN,NaN,NaN,NaN,NaN,NaN,NaN,NaN,NaN,NaN,NaN,NaN,NaN,NaN,NaN,159000000,NaN,0,NaN,0
NaN,NaN,NaN,2,-12.5,0.87,0.06,NaN,4,-1.22,1.64,0.1,NaN,2,-0.02,1.27,0.04,NaN,NaN,5,1.99,1.16,0.53,NaN,NaN,1,2.47,0.97,0.46,NaN,2,2.34,2.43,0.41,NaN,NaN,NaN,NaN,NaN,NaN,NaN,NaN,NaN,NaN,NaN,NaN,NaN,NaN,NaN,NaN,NaN,22400,NaN,0,NaN,0
NaN,NaN,NaN,0,NaN,NaN,NaN,NaN,4,-1.42,4.42,0.22,0.24,10,0.24,3.44,0.11,NaN,NaN,5,1.04,1.39,0.6,NaN,NaN,5,0.65,1.27,0.55,NaN,2,2.46,1.85,0.35,NaN,NaN,NaN,NaN,0.06,NaN,NaN,NaN,NaN,NaN,NaN,NaN,NaN,NaN,NaN,NaN,NaN,7060,NaN,0,NaN,0
NaN,NaN,NaN,1,1.06,0.59,0.02,NaN,4,-1.45,5.96,0.29,0.03,10,0.03,4.68,0.16,NaN,NaN,1,0.34,0.58,0.33,NaN,1.08,10,1.08,1.57,0.63,NaN,2,0.66,1.98,0.36,NaN,NaN,NaN,NaN,0.04,NaN,NaN,NaN,NaN,NaN,NaN,NaN,NaN,NaN,NaN,NaN,NaN,5860,NaN,0,NaN,0
NaN,NaN,NaN,2,1,1.35,0.06,NaN,4,-1.73,7.6,0.4,0,10,0,9.43,0.22,NaN,NaN,1,0.44,0.73,0.39,NaN,0.62,10,0.62,2.07,0.77,NaN,2,0.48,2.47,0.45,NaN,NaN,NaN,NaN,0.03,NaN,NaN,NaN,0.75,NaN,NaN,NaN,NaN,NaN,NaN,NaN,NaN,424,NaN,0,NaN,0
NaN,NaN,NaN,2,0.49,1.43,0.08,NaN,4,-1.98,6.58,0.49,0.04,10,0.04,10.39,0.29,NaN,NaN,1,1.3,0.92,0.46,NaN,0.29,10,0.29,1.63,0.66,NaN,2,0.71,2.44,0.43,NaN,NaN,NaN,NaN,0.03,NaN,NaN,NaN,0.64,NaN,NaN,NaN,NaN,NaN,NaN,NaN,NaN,321,NaN,0,NaN,0
2.23,292.1,0.61,10,0.61,2.71,0.15,-2.14,10,-2.14,7.34,0.54,0,10,0,10.21,0.32,NaN,NaN,1,1.51,0.58,0.33,NaN,0.44,10,0.44,1.6,0.65,0.78,10,0.78,3.16,0.55,2.3,301.2,0.27,-2.28,0.02,NaN,NaN,NaN,0.56,0.74,0.04,316.3,17.8,NaN,1,0.817,0.00749,204,NaN,0,NaN,0
2.54,300.8,0.32,10,0.32,3.13,0.19,-2.52,10,-2.52,8.36,0.63,0.04,10,0.04,10.73,0.37,NaN,NaN,1,0.24,0.73,0.39,NaN,0.49,10,0.49,2.15,0.79,NaN,2,0.7,2.77,0.5,2.5,302.4,0.24,-2.48,0.02,NaN,NaN,NaN,0.49,0.7,0.036,315.5,15.7,NaN,1,0.739,0.00596,170,NaN,0,NaN,0
2.59,307.2,0.04,10,0.04,3.32,0.21,-2.59,10,-2.59,8.5,0.66,0.02,10,0.02,10.83,0.36,NaN,NaN,2,1.51,1.01,0.48,NaN,0.55,10,0.55,2.21,0.8,0.67,10,0.67,2.81,0.53,2.65,303.1,0.23,-2.64,0.01,NaN,NaN,NaN,0.45,0.68,0.031,314.5,14.4,NaN,1,0.688,0.0048,109,1070000,0,NaN,0
NaN,NaN,NaN,0,NaN,NaN,NaN,NaN,4,-2.75,8.13,0.7,0.08,10,0.08,11.79,0.36,NaN,NaN,0,NaN,NaN,NaN,NaN,0.37,10,0.37,2.13,0.78,NaN,2,0.97,2.58,0.5,NaN,NaN,NaN,NaN,0.01,NaN,NaN,NaN,0.42,NaN,NaN,NaN,NaN,NaN,NaN,NaN,NaN,87.6,NaN,0,NaN,0
NaN,NaN,NaN,0,NaN,NaN,NaN,NaN,4,-2.81,7.58,0.71,0.03,10,0.03,13.57,0.35,NaN,NaN,0,NaN,NaN,NaN,NaN,0.49,10,0.49,2.48,0.86,NaN,2,0.69,2.4,0.45,NaN,NaN,NaN,NaN,0.01,NaN,NaN,NaN,0.4,NaN,NaN,NaN,NaN,NaN,NaN,NaN,NaN,95.2,NaN,0,NaN,0
NaN,NaN,NaN,0,NaN,NaN,NaN,NaN,4,-2.51,9.59,0.7,-0.02,10,-0.02,19.29,0.37,NaN,NaN,0,NaN,NaN,NaN,NaN,0.45,10,0.45,2.68,0.91,NaN,5,0.73,2.98,0.53,NaN,NaN,NaN,NaN,0.02,NaN,NaN,NaN,0.39,NaN,NaN,NaN,NaN,NaN,NaN,NaN,NaN,76.9,1920000,0,NaN,256
NaN,NaN,NaN,0,NaN,NaN,NaN,NaN,4,-2.66,8.47,0.68,-0.05,10,-0.05,19.96,0.35,NaN,NaN,0,NaN,NaN,NaN,NaN,0.35,10,0.35,1.92,0.73,NaN,2,0.77,2.47,0.45,NaN,NaN,NaN,NaN,0.02,NaN,NaN,NaN,0.39,NaN,NaN,NaN,NaN,NaN,NaN,NaN,NaN,65.9,2180000,0,NaN,0
NaN,NaN,NaN,0,NaN,NaN,NaN,NaN,4,-2.85,8,0.65,-0.05,10,-0.05,20.9,0.36,NaN,NaN,0,NaN,NaN,NaN,NaN,0.5,10,0.5,2.41,0.85,NaN,5,0.52,3.07,0.55,NaN,NaN,NaN,NaN,0.02,NaN,NaN,NaN,0.39,NaN,NaN,NaN,NaN,NaN,NaN,NaN,NaN,36.7,NaN,0,NaN,0
NaN,NaN,NaN,0,NaN,NaN,NaN,NaN,4,-2.94,7.51,0.63,-0.03,10,-0.03,20.45,0.35,NaN,NaN,0,NaN,NaN,NaN,NaN,0.39,10,0.39,1.62,0.64,NaN,2,1.13,2.29,0.44,NaN,NaN,NaN,NaN,0.03,NaN,NaN,NaN,0.41,NaN,NaN,NaN,NaN,NaN,NaN,NaN,NaN,19.9,NaN,0,NaN,256
NaN,NaN,NaN,0,NaN,NaN,NaN,NaN,4,-3.2,7.64,0.64,-0.03,10,-0.03,20.6,0.35,NaN,NaN,0,NaN,NaN,NaN,NaN,0.38,10,0.38,1.96,0.73,NaN,5,1.25,3.05,0.56,NaN,NaN,NaN,NaN,0.03,NaN,NaN,NaN,0.42,NaN,NaN,NaN,NaN,NaN,NaN,NaN,NaN,13.9,NaN,0,NaN,0
3.71,294.2,0.89,10,0.89,4.77,0.23,-3.6,10,-3.6,7.37,0.65,0.02,10,0.02,19.24,0.34,NaN,0.42,10,0.42,1.24,0.56,NaN,0.34,10,0.34,1.97,0.73,NaN,2,0.72,2.71,0.49,3.07,301.7,0.34,-3.06,0.03,NaN,0.33,NaN,0.44,NaN,0.009,272.1,NaN,NaN,NaN,NaN,NaN,13.4,NaN,0,NaN,0
3.53,299.7,0.51,10,0.51,4.99,0.22,-3.5,10,-3.5,7.83,0.66,0.08,10,0.08,20.02,0.34,NaN,NaN,1,0.67,0.87,0.44,NaN,0.38,10,0.38,2.62,0.89,NaN,2,0.59,2.18,0.44,3.11,301.3,0.36,-3.09,0.04,NaN,NaN,NaN,0.46,NaN,0.01,275.5,NaN,NaN,NaN,NaN,NaN,12.3,NaN,0,NaN,0
3.49,301.3,0.41,10,0.41,4.86,0.21,-3.47,10,-3.47,8.2,0.69,0.07,10,0.07,19.43,0.32,NaN,NaN,1,0.59,0.91,0.45,NaN,0.34,11,0.34,3.16,1,0.6,10,0.6,3.5,0.61,3.16,300.9,0.39,-3.14,0.04,NaN,NaN,NaN,0.47,0.71,0.012,281.9,12.7,NaN,1,0.759,0.00199,10.8,NaN,0,NaN,0
3.4,309.2,-0.07,10,-0.07,4.61,0.2,-3.4,10,-3.4,8.6,0.7,0.08,10,0.08,19.16,0.31,0.93,0.67,10,0.67,1.1,0.51,NaN,0.37,10,0.37,2.72,0.92,0.6,10,0.6,2.73,0.52,3.22,300.6,0.42,-3.2,0.05,NaN,0.36,NaN,0.49,NaN,0.014,287.6,NaN,NaN,NaN,NaN,NaN,9.46,NaN,0,NaN,0
3.36,308.2,-0.01,10,-0.01,4.66,0.21,-3.36,10,-3.36,8.75,0.69,0.07,10,0.07,18.77,0.31,NaN,NaN,5,1.45,1.38,0.6,NaN,0.45,10,0.45,2.61,0.89,NaN,2,0.89,2.68,0.47,3.3,300.4,0.44,-3.27,0.05,NaN,NaN,NaN,0.51,NaN,0.016,292.4,NaN,NaN,NaN,NaN,NaN,9.72,NaN,0,NaN,0
3.35,311.9,-0.23,10,-0.23,4.27,0.2,-3.34,10,-3.34,9.12,0.66,0.09,10,0.09,19.05,0.28,NaN,NaN,1,1.67,0.78,0.41,NaN,0.63,10,0.63,2.55,0.88,NaN,2,2.55,1.81,0.34,3.38,300.2,0.46,-3.35,0.05,NaN,NaN,NaN,0.52,NaN,0.018,296.3,NaN,NaN,NaN,NaN,NaN,8.12,NaN,0,NaN,0
3.38,307.1,0.05,10,0.05,4.16,0.21,-3.38,10,-3.38,9.06,0.62,0.05,10,0.05,17.89,0.26,NaN,NaN,2,1.53,1.01,0.48,NaN,0.65,10,0.65,1.73,0.68,0.74,10,0.74,3.12,0.55,3.48,300.1,0.48,-3.45,0.05,NaN,NaN,NaN,0.53,0.73,0.021,299.5,11.9,NaN,2,0.808,0.00384,7.45,NaN,0,NaN,0
3.46,298.1,0.6,10,0.6,4.22,0.23,-3.41,10,-3.41,8.51,0.55,0.06,10,0.06,17.04,0.25,NaN,NaN,1,2.05,0.77,0.4,0.36,0.79,10,0.79,2.23,0.81,0.85,10,0.85,3.86,0.57,3.59,300.2,0.49,-3.56,0.05,NaN,NaN,NaN,0.54,0.74,0.023,302.2,11.6,NaN,2,0.811,0.00428,7.02,NaN,0,NaN,0
3.84,287.8,1.33,10,1.33,4.28,0.24,-3.6,10,-3.6,7.62,0.47,0.08,10,0.08,15.64,0.23,NaN,NaN,1,0.19,0.58,0.33,NaN,0.6,10,0.6,1.61,0.65,NaN,2,0.95,2.95,0.5,3.71,300.3,0.5,-3.68,0.06,NaN,NaN,NaN,0.54,NaN,0.025,304.4,NaN,NaN,NaN,NaN,NaN,6.78,NaN,0,NaN,0
4.05,285.4,1.56,10,1.56,4.16,0.24,-3.74,10,-3.74,6.71,0.4,0.17,10,0.17,13.88,0.19,NaN,NaN,5,2.33,1.56,0.65,NaN,0.97,10,0.97,1.29,0.56,NaN,5,0.69,3.17,0.57,3.84,300.5,0.51,-3.81,0.06,NaN,NaN,NaN,0.54,NaN,0.027,306.3,NaN,NaN,NaN,NaN,NaN,6.23,NaN,0,NaN,0
4.14,285.4,1.59,10,1.59,4,0.24,-3.83,10,-3.83,6.06,0.37,0.21,10,0.21,11.62,0.16,NaN,NaN,1,0.51,0.62,0.35,NaN,NaN,1,0.59,0.92,0.44,NaN,2,2.7,2.08,0.38,3.98,300.7,0.51,-3.95,0.06,NaN,NaN,NaN,0.54,NaN,0.028,308.1,NaN,NaN,NaN,NaN,NaN,5.41,NaN,0,NaN,0
4.13,280.5,1.9,10,1.9,3.67,0.22,-3.66,10,-3.66,5.22,0.32,0.19,10,0.19,10.16,0.14,NaN,NaN,5,0.62,1.72,0.69,NaN,NaN,1,0.53,0.57,0.33,NaN,2,1.82,2.13,0.38,4.12,301,0.5,-4.09,0.05,NaN,NaN,NaN,0.54,NaN,0.029,309.7,NaN,NaN,NaN,NaN,NaN,5.62,NaN,0,NaN,0
3.95,280.3,1.84,10,1.84,3.09,0.19,-3.49,10,-3.49,4.89,0.3,0.19,10,0.19,8.14,0.11,NaN,NaN,1,0.99,0.89,0.44,NaN,NaN,1,0.85,0.95,0.45,NaN,2,2.52,2,0.37,4.26,301.3,0.5,-4.24,0.05,NaN,NaN,NaN,0.53,NaN,0.028,311.4,NaN,NaN,NaN,NaN,NaN,5.5,NaN,0,NaN,0
3.71,278.9,1.8,10,1.8,2.78,0.17,-3.24,10,-3.24,4.34,0.27,NaN,2,0.1,7.06,0.09,NaN,NaN,5,1.38,1.14,0.52,NaN,0.63,10,0.63,1.31,0.57,NaN,2,1.8,2.37,0.43,4.4,301.6,0.49,-4.37,NaN,NaN,NaN,NaN,0.52,NaN,0.027,313.2,NaN,NaN,NaN,NaN,NaN,4.68,NaN,0,NaN,0
3.13,283.5,1.3,10,1.3,2.39,0.14,-2.85,10,-2.85,3.63,0.22,NaN,2,0.03,6.19,0.08,NaN,NaN,1,0.87,0.89,0.44,NaN,0.6,10,0.6,1.11,0.5,NaN,2,2.37,2.19,0.4,4.53,302,0.47,-4.5,NaN,NaN,NaN,NaN,0.5,NaN,0.024,315.3,NaN,NaN,NaN,NaN,NaN,4.39,NaN,0,NaN,0
2.91,284.5,1.16,10,1.16,2.23,0.13,-2.67,10,-2.67,2.53,0.16,NaN,2,-0.11,5.78,0.07,NaN,NaN,5,0.91,1.13,0.52,NaN,NaN,1,2.37,0.52,0.3,NaN,2,2.52,2.54,0.42,4.64,302.3,0.46,-4.62,NaN,NaN,NaN,NaN,NaN,NaN,0.021,318.4,NaN,NaN,NaN,NaN,NaN,4.15,NaN,0,NaN,0
3.21,293.8,0.79,10,0.79,1.81,0.1,-3.11,10,-3.11,2.16,0.13,NaN,2,-0.1,5.72,0.07,NaN,NaN,1,1.56,0.65,0.36,NaN,NaN,1,1.07,0.65,0.36,NaN,2,2.5,2.01,0.37,4.73,302.7,0.44,-4.71,NaN,NaN,NaN,NaN,NaN,NaN,0.016,323.6,NaN,NaN,NaN,NaN,NaN,4.45,NaN,0,NaN,0
NaN,NaN,NaN,2,0.63,1.58,0.09,NaN,4,-3.05,2.17,0.13,NaN,2,-0.04,5.83,0.07,NaN,NaN,1,1.22,0.61,0.35,NaN,NaN,2,2.67,1.03,0.47,NaN,2,2.62,2.21,0.39,4.79,303,0.41,-4.77,NaN,NaN,NaN,NaN,NaN,NaN,0.01,336.2,NaN,NaN,NaN,NaN,NaN,4.09,NaN,0,NaN,0
NaN,NaN,NaN,2,0.51,1.77,0.09,NaN,4,-3.34,2.61,0.16,NaN,2,-0.02,5.62,0.07,NaN,NaN,1,1.03,0.63,0.35,NaN,NaN,2,0.85,1.05,0.5,NaN,2,2.42,2.33,0.4,4.81,303.4,0.39,-4.79,NaN,NaN,NaN,NaN,NaN,NaN,0.005,31.9,NaN,NaN,NaN,NaN,NaN,4.04,NaN,0,NaN,0
NaN,NaN,NaN,2,0.81,1.77,0.09,NaN,4,-3.48,3.71,0.23,NaN,2,-0.08,6.16,0.07,NaN,NaN,1,1.01,0.62,0.35,NaN,NaN,1,0.14,0.89,0.44,NaN,2,2.64,2.17,0.38,4.79,303.6,0.36,-4.77,NaN,NaN,NaN,NaN,NaN,NaN,0.011,99.4,NaN,NaN,NaN,NaN,NaN,3.96,NaN,0,NaN,0
3.52,296.1,0.73,10,0.73,2.2,0.1,-3.45,10,-3.45,4.98,0.29,NaN,2,-0.04,7.49,0.08,NaN,NaN,1,1.88,0.95,0.46,NaN,NaN,1,0.25,0.84,0.43,NaN,2,2.6,1.99,0.35,4.71,303.9,0.34,-4.7,NaN,NaN,NaN,NaN,NaN,NaN,0.022,114.4,NaN,NaN,NaN,NaN,NaN,4.05,NaN,0,NaN,0
3.62,298.2,0.62,10,0.62,2.83,0.13,-3.57,10,-3.57,5.74,0.35,-0.15,10,-0.15,9.21,0.11,NaN,NaN,1,1.47,0.73,0.39,NaN,NaN,5,0.88,1.71,0.67,NaN,2,2.54,1.83,0.33,4.57,304.1,0.31,-4.56,0.01,NaN,NaN,NaN,NaN,NaN,0.036,120,NaN,NaN,NaN,NaN,NaN,4.23,NaN,0,NaN,0
3.76,300.8,0.47,10,0.47,3.8,0.2,-3.73,10,-3.73,6.28,0.42,-0.1,10,-0.1,12.45,0.16,NaN,NaN,1,1.27,0.82,0.42,NaN,NaN,5,1.3,2.23,0.82,NaN,2,2.43,2.37,0.39,4.36,304.2,0.29,-4.35,0,NaN,NaN,NaN,NaN,NaN,0.043,121.6,NaN,NaN,NaN,NaN,NaN,4.24,NaN,0,NaN,0
