NaN,NaN,NaN,4,-22.77,1.31,0.17,NaN,1,10.9,0.41,0.06,NaN,5,-2.62,2.68,0.11,NaN,NaN,5,0.77,1.29,0.55,NaN,NaN,1,0.36,0.55,0.32,NaN,2,2.05,2.38,0.38,NaN,NaN,NaN,NaN,NaN,NaN,NaN,NaN,NaN,NaN,NaN,NaN,NaN,NaN,NaN,NaN,NaN,52600000,NaN,0,NaN,0
NaN,NaN,NaN,0,NaN,NaN,NaN,NaN,4,0.43,1.64,0.11,NaN,5,7.56,7.07,0.22,NaN,NaN,1,2.78,0.9,0.43,NaN,NaN,1,2.15,0.69,0.36,NaN,2,2.43,1.72,0.32,NaN,NaN,NaN,NaN,NaN,NaN,NaN,NaN,NaN,NaN,NaN,NaN,NaN,NaN,NaN,NaN,NaN,43100,NaN,0,NaN,0
NaN,NaN,NaN,2,-3.5,1.59,0.09,NaN,4,-0.06,3.74,0.23,NaN,5,-1.11,4.81,0.15,NaN,NaN,1,0.91,0.79,0.4,NaN,NaN,1,0.46,0.96,0.46,NaN,2,0.78,1.81,0.36,4.64,39.6,-4.64,0.13,NaN,NaN,NaN,NaN,0.63,NaN,0.061,216,NaN,NaN,NaN,NaN,NaN,2170,1700000,0,NaN,0
NaN,NaN,NaN,2,-3.84,1.47,0.08,NaN,4,-0.15,4.69,0.28,0.13,10,0.13,6.98,0.24,NaN,NaN,1,2.37,0.83,0.41,NaN,0.72,10,0.72,1.54,0.63,NaN,2,1.32,2.12,0.4,4.34,39.9,-4.33,0.14,0.09,NaN,NaN,NaN,0.64,NaN,0.055,216.7,NaN,NaN,NaN,NaN,NaN,1100,NaN,0,NaN,0
4.04,38.9,-4.04,10,-4.04,1.96,0.1,0.06,10,0.06,5.94,0.35,0.08,10,0.08,12.87,0.24,NaN,NaN,1,1.28,0.86,0.42,NaN,0.83,10,0.83,1.24,0.54,NaN,2,1.03,1.83,0.37,4.09,40,-4.08,0.14,0.07,NaN,NaN,NaN,0.62,NaN,0.045,218.5,NaN,NaN,NaN,NaN,NaN,758,1700000,0,NaN,0
4.28,40.3,-4.27,10,-4.27,2.95,0.16,0.17,10,0.17,6.35,0.45,0.09,10,0.09,12.97,0.24,NaN,NaN,5,0.46,1.15,0.51,NaN,0.61,10,0.61,1.65,0.66,NaN,2,1.18,1.83,0.37,3.88,40,-3.88,0.14,0.06,NaN,NaN,NaN,0.59,NaN,0.036,220.6,NaN,NaN,NaN,NaN,NaN,479,1670000,0,NaN,0
3.92,43.1,-3.91,10,-3.91,3.8,0.23,0.35,10,0.35,6.64,0.55,0.06,10,0.06,11.79,0.22,NaN,NaN,2,0.69,1.02,0.47,NaN,0.55,10,0.55,2.09,0.77,NaN,2,2.41,2.47,0.45,3.73,40,-3.73,0.13,0.04,NaN,NaN,NaN,0.55,NaN,0.027,223.6,NaN,NaN,NaN,NaN,NaN,285,NaN,0,NaN,0
3.93,41.7,-3.92,10,-3.92,3.75,0.23,0.26,10,0.26,6.18,0.57,0.03,10,0.03,10.78,0.19,NaN,NaN,1,0.67,0.89,0.43,NaN,0.64,10,0.64,1.99,0.75,NaN,2,1.11,1.5,0.32,3.61,39.8,-3.61,0.11,0.03,NaN,NaN,NaN,0.51,NaN,0.02,228,NaN,NaN,NaN,NaN,NaN,222,NaN,0,NaN,0
2.71,42.5,-2.7,10,-2.7,3.46,0.27,0.21,10,0.21,5.56,0.52,0.04,10,0.04,10.12,0.17,NaN,NaN,1,2.13,0.96,0.45,NaN,0.52,10,0.52,1.66,0.66,NaN,2,1.02,1.68,0.36,3.53,39.5,-3.53,0.09,0.02,NaN,NaN,NaN,0.47,NaN,0.013,235.8,NaN,NaN,NaN,NaN,NaN,174,1660000,0,NaN,0
2.35,46.5,-2.33,10,-2.33,1.51,0.19,0.35,10,0.35,5.71,0.53,0.12,10,0.12,10.76,0.18,NaN,0.69,10,0.69,1.28,0.55,NaN,0.24,10,0.24,1.31,0.56,NaN,2,1.17,1.63,0.34,3.49,39.2,-3.49,0.07,0.02,NaN,0.61,NaN,0.42,NaN,0.007,254.1,NaN,NaN,NaN,NaN,NaN,136,1780000,0,NaN,256
2.87,43.5,-2.86,10,-2.86,1.84,0.18,0.28,10,0.28,7.12,0.49,0.13,10,0.13,11.65,0.19,NaN,NaN,0,NaN,NaN,NaN,NaN,0.42,10,0.42,1.87,0.72,NaN,2,1.16,1.93,0.4,3.48,38.8,-3.48,0.05,0.01,NaN,NaN,NaN,0.38,NaN,0.004,307.8,NaN,NaN,NaN,NaN,NaN,136,NaN,0,NaN,256
2.85,42.6,-2.84,10,-2.84,1.73,0.17,0.23,10,0.23,7.35,0.49,0.07,10,0.07,16.06,0.2,NaN,NaN,5,1.35,1.47,0.6,NaN,0.35,10,0.35,2,0.74,NaN,2,0.81,1.53,0.32,3.49,38.5,-3.49,0.03,0.01,NaN,NaN,NaN,0.35,NaN,0.007,358.5,NaN,NaN,NaN,NaN,NaN,159,3720000,0,NaN,256
3.71,39.7,-3.71,10,-3.71,1.87,0.21,0.11,10,0.11,7.51,0.47,0.05,10,0.05,16.67,0.2,NaN,NaN,5,1.79,1.47,0.6,NaN,0.26,10,0.26,1.54,0.62,NaN,2,1.16,2.2,0.4,3.53,38.2,-3.53,0.01,0,NaN,NaN,NaN,0.33,NaN,0.01,15.7,NaN,NaN,NaN,NaN,NaN,128,3930000,0,NaN,256
3.73,36.9,-3.73,10,-3.73,2.75,0.27,-0.07,10,-0.07,7.02,0.43,0.03,10,0.03,16.51,0.19,NaN,NaN,1,0.94,0.52,0.3,NaN,0.36,10,0.36,2.25,0.81,NaN,2,0.86,1.86,0.36,3.58,37.9,-3.58,-0.01,0,NaN,0.43,NaN,0.32,NaN,0.014,23.4,NaN,NaN,NaN,NaN,NaN,84.6,NaN,0,NaN,256
3.54,38.6,-3.54,10,-3.54,3.35,0.31,0.04,10,0.04,7.46,0.44,0.01,10,0.01,16.65,0.19,NaN,0.31,10,0.31,1.43,0.59,NaN,0.25,10,0.25,1.09,0.5,NaN,2,2.35,2.04,0.38,3.66,37.6,-3.66,-0.03,0,NaN,0.43,NaN,0.32,NaN,0.017,28,NaN,NaN,NaN,NaN,NaN,46.1,NaN,0,NaN,256
3.58,37.5,-3.58,10,-3.58,3.46,0.3,-0.03,10,-0.03,6.9,0.4,0.03,10,0.03,15.66,0.18,NaN,NaN,5,0.13,1.12,0.5,NaN,NaN,1,1.76,0.87,0.44,NaN,2,2.48,1.99,0.37,3.75,37.4,-3.75,-0.04,0,NaN,NaN,NaN,0.33,NaN,0.02,31.3,NaN,NaN,NaN,NaN,NaN,33.6,NaN,0,NaN,256
3.52,37.4,-3.52,10,-3.52,3.43,0.29,-0.03,10,-0.03,6.18,0.35,0.03,10,0.03,15.3,0.18,NaN,NaN,1,0.64,0.99,0.46,NaN,0.4,10,0.4,1.14,0.52,NaN,5,0.91,3.21,0.54,3.86,37.3,-3.86,-0.05,0,NaN,NaN,NaN,0.35,NaN,0.022,34,NaN,NaN,NaN,NaN,NaN,28.8,NaN,0,NaN,0
3.98,39.4,-3.98,10,-3.98,3.33,0.22,0.1,10,0.1,5.89,0.32,-0.02,10,-0.02,14.51,0.17,NaN,NaN,5,0.52,1.4,0.58,NaN,NaN,1,0.38,0.89,0.44,NaN,2,1.01,2.31,0.41,3.97,37.2,-3.97,-0.05,0,NaN,NaN,NaN,0.38,NaN,0.024,36.3,NaN,NaN,NaN,NaN,NaN,27.4,NaN,0,NaN,0
4.01,40.1,-4.01,10,-4.01,3.38,0.19,0.15,10,0.15,6.06,0.3,-0.04,10,-0.04,14.11,0.16,NaN,NaN,1,1.35,0.83,0.41,NaN,NaN,1,0.59,0.96,0.46,NaN,2,2.42,2.19,0.38,4.09,37.2,-4.09,-0.06,0,NaN,NaN,NaN,0.41,NaN,0.025,38.4,NaN,NaN,NaN,NaN,NaN,21.7,NaN,0,NaN,0
4.38,37.9,-4.38,10,-4.38,3.13,0.15,-0.01,10,-0.01,5.82,0.28,0.01,10,0.01,13.26,0.15,NaN,NaN,1,0.49,0.95,0.45,NaN,0.39,10,0.39,1.19,0.53,NaN,2,1.31,2.02,0.37,4.22,37.3,-4.22,-0.05,0,NaN,NaN,NaN,0.45,NaN,0.026,40.4,NaN,NaN,NaN,NaN,NaN,19.4,NaN,0,NaN,0
4.62,38.7,-4.62,10,-4.62,3.16,0.13,0.06,10,0.06,6.06,0.28,0.01,10,0.01,12.7,0.14,NaN,NaN,1,1.48,0.74,0.38,NaN,0.44,10,0.44,1.25,0.54,NaN,2,2.56,1.94,0.37,4.35,37.4,-4.35,-0.04,0,NaN,NaN,NaN,0.49,NaN,0.027,42.4,NaN,NaN,NaN,NaN,NaN,16.7,NaN,0,NaN,0
4.98,40.6,-4.98,10,-4.98,3.24,0.13,0.23,10,0.23,6.16,0.28,0.02,10,0.02,11.7,0.13,NaN,NaN,1,2.01,0.81,0.4,NaN,0.44,10,0.44,1.82,0.7,NaN,2,0.93,2.2,0.41,4.49,37.6,-4.49,-0.03,-0.01,NaN,NaN,NaN,0.53,NaN,0.027,44.4,NaN,NaN,NaN,NaN,NaN,17.9,NaN,0,NaN,0
4.9,42.9,-4.88,10,-4.88,2.56,0.1,0.42,10,0.42,5.85,0.27,0.02,10,0.02,10.77,0.12,NaN,NaN,1,2.54,0.62,0.34,NaN,0.54,10,0.54,1.21,0.54,NaN,2,2.4,1.88,0.34,4.62,37.8,-4.62,-0.01,-0.01,NaN,NaN,NaN,0.56,NaN,0.027,46.4,NaN,NaN,NaN,NaN,NaN,16.7,NaN,0,NaN,0
5.24,42.7,-5.22,10,-5.22,2.49,0.11,0.43,10,0.43,5.36,0.24,0.03,10,0.03,9.39,0.1,NaN,NaN,1,1.24,0.71,0.37,NaN,NaN,2,0.95,1.07,0.49,NaN,2,2.52,1.9,0.36,4.75,38.1,-4.75,0.01,-0.01,NaN,NaN,NaN,0.58,NaN,0.027,48.4,NaN,NaN,NaN,NaN,NaN,16.3,NaN,0,NaN,0
4.98,45.5,-4.94,10,-4.94,2.56,0.11,0.65,10,0.65,4.69,0.2,NaN,2,0.03,8.82,0.1,NaN,NaN,1,2.67,0.8,0.4,NaN,NaN,5,1.98,1.25,0.55,NaN,2,2.56,1.73,0.34,4.88,38.4,-4.88,0.03,-0.01,NaN,NaN,NaN,0.59,NaN,0.026,50.5,NaN,NaN,NaN,NaN,NaN,15.6,NaN,0,NaN,0
NaN,NaN,NaN,2,-4.97,2.05,0.09,NaN,4,0.7,4.18,0.17,NaN,2,-0.01,8.66,0.1,NaN,NaN,1,1.13,0.78,0.39,NaN,NaN,5,1.16,1.11,0.51,NaN,2,1.15,2.13,0.39,5.01,38.7,-5.01,0.06,-0.02,NaN,NaN,NaN,0.57,NaN,0.026,52.6,NaN,NaN,NaN,NaN,NaN,15.7,NaN,0,NaN,0
NaN,NaN,NaN,2,-5.09,2.04,0.09,NaN,4,0.42,3.45,0.13,NaN,2,-0.06,7.69,0.08,NaN,NaN,1,0.5,0.69,0.36,NaN,NaN,1,1.23,0.65,0.35,NaN,2,2.75,2.31,0.39,5.13,39.1,-5.13,0.1,-0.03,NaN,NaN,NaN,0.53,NaN,0.025,54.8,NaN,NaN,NaN,NaN,NaN,20.4,NaN,0,NaN,0
NaN,NaN,NaN,2,-5.17,2.17,0.1,NaN,4,-0.04,2.87,0.1,NaN,2,0.04,7.29,0.08,NaN,NaN,1,1.36,0.65,0.35,NaN,NaN,1,1.68,0.76,0.39,NaN,2,2.6,1.8,0.33,5.25,39.5,-5.25,0.14,-0.03,NaN,NaN,NaN,0.45,NaN,0.024,57,NaN,NaN,NaN,NaN,NaN,15,NaN,0,NaN,0
NaN,NaN,NaN,2,-5.12,1.97,0.08,NaN,2,-0.26,2.27,0.08,NaN,2,0.11,7.2,0.08,NaN,NaN,1,0.61,0.69,0.36,NaN,NaN,1,2.29,0.61,0.34,NaN,2,2.62,2.05,0.36,5.36,39.9,-5.35,0.18,-0.04,NaN,NaN,NaN,NaN,NaN,0.022,59.3,NaN,NaN,NaN,NaN,NaN,13.4,NaN,0,NaN,0
NaN,NaN,NaN,2,-5.65,1.61,0.07,NaN,2,0.44,1.59,0.05,NaN,2,0.07,6.43,0.07,NaN,NaN,5,1.56,1.19,0.52,NaN,NaN,2,2.6,1.07,0.49,NaN,2,2.63,2.09,0.36,5.46,40.3,-5.45,0.22,-0.05,NaN,NaN,NaN,NaN,NaN,0.021,61.7,NaN,NaN,NaN,NaN,NaN,12.9,NaN,0,NaN,0
NaN,NaN,NaN,2,-5.81,1.2,0.05,NaN,2,0.14,0.97,0.03,NaN,2,0.26,5.75,0.06,NaN,NaN,1,1.11,0.52,0.3,NaN,NaN,1,0.98,0.83,0.42,NaN,2,2.64,2.2,0.37,5.55,40.7,-5.55,0.26,-0.07,NaN,NaN,NaN,NaN,NaN,0.02,64,NaN,NaN,NaN,NaN,NaN,11.6,NaN,0,NaN,0
NaN,NaN,NaN,2,-5.4,1.03,0.04,NaN,2,-0.25,0.82,0.03,NaN,2,0.27,5.37,0.06,NaN,NaN,5,1,1.12,0.5,NaN,NaN,1,1.21,0.82,0.42,NaN,2,2.17,2.49,0.41,5.64,41.1,-5.63,0.3,NaN,NaN,NaN,NaN,NaN,NaN,0.018,66.3,NaN,NaN,NaN,NaN,NaN,13.4,NaN,0,NaN,0
NaN,NaN,NaN,2,-6.56,0.73,0.03,NaN,2,-0.33,0.71,0.02,NaN,2,0.16,4.58,0.05,NaN,NaN,1,0.61,0.52,0.3,NaN,NaN,1,2.7,0.68,0.36,NaN,2,2.72,2.04,0.35,5.72,41.5,-5.71,0.35,NaN,NaN,NaN,NaN,NaN,NaN,0.016,68.4,NaN,NaN,NaN,NaN,NaN,12.1,NaN,0,NaN,0
NaN,NaN,NaN,1,-6.84,0.3,0.01,NaN,2,-0.5,0.91,0.03,NaN,2,0.24,4.35,0.04,NaN,NaN,1,1.14,0.88,0.43,NaN,NaN,1,2.15,0.71,0.38,NaN,2,2.35,2.33,0.38,5.79,41.8,-5.77,0.39,NaN,NaN,NaN,NaN,NaN,NaN,0.015,70.4,NaN,NaN,NaN,NaN,NaN,10.3,NaN,0,NaN,0
NaN,NaN,NaN,1,-5.07,0.31,0.01,NaN,2,-1.47,1.03,0.04,NaN,2,0.14,3.74,0.04,NaN,NaN,1,1.41,0.62,0.34,NaN,NaN,1,1.33,0.74,0.38,NaN,2,2.3,2.19,0.37,5.85,42.2,-5.83,0.42,NaN,NaN,NaN,NaN,NaN,NaN,0.013,72,NaN,NaN,NaN,NaN,NaN,9.69,NaN,0,NaN,0
NaN,NaN,NaN,2,-5.28,0.8,0.03,NaN,2,-1.61,1.27,0.04,NaN,2,-0.15,3.14,0.03,NaN,NaN,1,1.34,0.62,0.34,NaN,NaN,1,1.78,0.6,0.33,NaN,2,2.36,2.08,0.36,5.9,42.5,-5.88,0.46,NaN,NaN,NaN,NaN,NaN,NaN,0.011,72.8,NaN,NaN,NaN,NaN,NaN,10.3,NaN,0,NaN,0
NaN,NaN,NaN,1,-8.59,0.39,0.02,NaN,2,-1.84,1.27,0.04,NaN,2,-0.18,2.91,0.03,NaN,NaN,1,2.32,0.52,0.3,NaN,NaN,1,0.94,0.58,0.32,NaN,2,2.61,2.55,0.4,5.94,42.7,-5.92,0.49,NaN,NaN,NaN,NaN,NaN,NaN,0.009,72.3,NaN,NaN,NaN,NaN,NaN,10.5,NaN,0,NaN,0
NaN,NaN,NaN,1,-7.36,0.43,0.02,NaN,2,-1.75,1.53,0.06,NaN,2,-0.13,3.14,0.03,NaN,NaN,2,1.54,1.01,0.47,NaN,NaN,1,1.64,0.74,0.39,NaN,2,2.5,2.5,0.4,5.98,42.9,-5.95,0.51,NaN,NaN,NaN,NaN,NaN,NaN,0.007,69,NaN,NaN,NaN,NaN,NaN,9.49,NaN,0,NaN,0
NaN,NaN,NaN,1,-7.77,0.23,0.01,NaN,2,-1.49,1.92,0.08,NaN,2,-0.79,3.47,0.04,NaN,NaN,1,1.92,0.61,0.33,NaN,NaN,1,2.52,0.82,0.41,NaN,2,2.7,2.31,0.38,6,43,-5.98,0.52,NaN,NaN,NaN,NaN,NaN,NaN,0.005,58.9,NaN,NaN,NaN,NaN,NaN,9.94,NaN,0,NaN,0
