22 1001
Legain Dominique
CNRM-GAME (Centre National de Recherches Meteorologiques/Groupe d'etudes de l'Atmosphere Meteorologique, Toulouse, France, Tel: +33 (0)5 61 07 93 70
Piguet Bruno
BLLAST/lannemezan-tb
1 1
2011 06 14  2011 12 16
0
Time of the acquisition PC (seconds since 2011-06-14 00:00:00 UTC)
6
 1 1 1 1 1 1
 65535 65535 65535 65535 65535 65535
altitude : computed by DigiCORA software (meter) 
air_pressure : from BAROCAP SILICON sensor (hPa) 
air_temperature : from F-THERMOCAP capacitive wire (Celsius) 
relative_humidity : from H-HUMICAP thin film capacitor (percent) 
relative_wind_from_direction : from digital compass (degree) 
relative_wind_speed : from 3-cup anemometer (m/s) 
0
2
TAKE-OFF TIME (HHMMSS UTC):  143320
LANDING TIME (HHMMSS UTC):  145547
52443.000000	 65535	 65535	 65535	 65535	 65535	 65535
52445.000000	 65535	 65535	 65535	 65535	 65535	 65535
52448.000000	 65535	 65535	 65535	 65535	 65535	 65535
52450.000000	 65535	 65535	 65535	 65535	 65535	 65535
52451.000000	 65535	 65535	 65535	 65535	 65535	 65535
52452.000000	 65535	 65535	 65535	 65535	 65535	 65535
52453.000000	 65535	 65535	 65535	 65535	 65535	 65535
52454.000000	 65535	 65535	 65535	 65535	 65535	 65535
52455.000000	 65535	 65535	 65535	 65535	 65535	 65535
52456.000000	 65535	 65535	 65535	 65535	 65535	 65535
52457.000000	 65535	 65535	 65535	 65535	 65535	 65535
52458.000000	 65535	 65535	 65535	 65535	 65535	 65535
52459.000000	 65535	 65535	 65535	 65535	 65535	 65535
52460.000000	 65535	 65535	 65535	 65535	 65535	 65535
52461.000000	 65535	 65535	 65535	 65535	 65535	 65535
52462.000000	 65535	 65535	 65535	 65535	 65535	 65535
52463.000000	 65535	 65535	 65535	 65535	 65535	 65535
52466.000000	 65535	 65535	 65535	 65535	 65535	 65535
52468.000000	 65535	 65535	 65535	 65535	 65535	 65535
52469.000000	 65535	 65535	 65535	 65535	 65535	 65535
52472.000000	 65535	 65535	 65535	 65535	 65535	 65535
52473.000000	 65535	 65535	 65535	 65535	 65535	 65535
52474.000000	 65535	 65535	 65535	 65535	 65535	 65535
52475.000000	 65535	 65535	 65535	 65535	 65535	 65535
52476.000000	 65535	 65535	 65535	 65535	 65535	 65535
52478.000000	 65535	 65535	 65535	 65535	 65535	 65535
52479.000000	 65535	 65535	 65535	 65535	 65535	 65535
52480.000000	 65535	 65535	 65535	 65535	 65535	 65535
52481.000000	 65535	 65535	 65535	 65535	 65535	 65535
52484.000000	 65535	 65535	 65535	 65535	 65535	 65535
52486.000000	 65535	 65535	 65535	 65535	 65535	 65535
52487.000000	 610.	  948.0	 23.8	 51.2	  76.0	  1.4
52488.000000	 610.	  948.0	 23.1	 50.0	  81.0	  1.4
52489.000000	 65535	 65535	 65535	 65535	 65535	 65535
52490.000000	 611.	  947.9	 22.8	 49.3	  98.0	  1.4
52491.000000	 613.	  947.7	 23.0	 48.7	  99.0	  1.3
52492.000000	 610.	  948.0	 23.3	 47.7	 102.0	  1.2
52493.000000	 611.	  947.9	 23.0	 48.3	 103.0	  1.1
52494.000000	 65535	 65535	 65535	 65535	 65535	 65535
52495.000000	 65535	 65535	 65535	 65535	 65535	 65535
52496.000000	 612.	  947.7	 23.0	 48.7	 117.0	  0.8
52499.000000	 615.	  947.4	 22.8	 48.4	 221.0	  1.0
52501.000000	 614.	  947.5	 23.2	 49.6	 327.0	  1.7
52504.000000	 619.	  947.0	 22.9	 48.5	 354.0	  1.5
52505.000000	 616.	  947.3	 22.6	 47.4	  16.0	  1.5
52507.000000	 616.	  947.3	 22.2	 46.9	 352.0	  1.7
52508.000000	 617.	  947.2	 22.4	 46.6	   4.0	  1.7
52510.000000	 619.	  947.0	 22.2	 47.4	  38.0	  1.9
52511.000000	 622.	  946.7	 22.2	 47.6	  43.0	  1.9
52514.000000	 622.	  946.7	 22.6	 47.6	  47.0	  2.0
52515.000000	 621.	  946.8	 22.6	 47.5	  46.0	  2.0
52516.000000	 621.	  946.8	 22.6	 47.3	  48.0	  2.0
52517.000000	 620.	  946.8	 22.5	 47.3	  51.0	  2.1
52520.000000	 621.	  946.8	 22.6	 47.5	  55.0	  2.5
52522.000000	 622.	  946.7	 22.5	 47.6	  51.0	  2.5
52523.000000	 624.	  946.4	 22.5	 47.7	  46.0	  2.5
52524.000000	 622.	  946.6	 22.5	 47.8	  48.0	  2.6
52528.000000	 624.	  946.5	 22.5	 47.9	  57.0	  2.6
52529.000000	 624.	  946.4	 22.4	 47.9	  59.0	  2.7
52530.000000	 626.	  946.2	 22.5	 47.8	  56.0	  2.8
52532.000000	 624.	  946.5	 22.5	 47.9	  49.0	  2.6
52533.000000	 627.	  946.2	 22.4	 47.8	  48.0	  2.5
52535.000000	 629.	  945.9	 22.4	 47.7	  66.0	  2.6
52536.000000	 628.	  946.0	 22.4	 47.9	  66.0	  2.4
52537.000000	 628.	  946.0	 22.4	 48.0	  67.0	  2.5
52538.000000	 629.	  946.0	 22.4	 48.2	  59.0	  2.6
52539.000000	 628.	  946.0	 22.5	 47.9	  50.0	  2.6
52543.000000	 631.	  945.6	 22.3	 47.8	  57.0	  2.9
52544.000000	 631.	  945.7	 22.3	 48.0	  56.0	  2.8
52547.000000	 631.	  945.7	 22.2	 48.2	  55.0	  2.7
52551.000000	 630.	  945.8	 22.7	 49.6	  36.0	  2.1
52553.000000	 632.	  945.6	 22.5	 48.4	  58.0	  2.2
52555.000000	 632.	  945.6	 22.4	 48.1	  50.0	  2.3
52556.000000	 633.	  945.5	 22.4	 48.0	  53.0	  2.4
52558.000000	 633.	  945.4	 22.3	 48.2	  61.0	  2.5
52560.000000	 635.	  945.3	 22.2	 48.1	  41.0	  2.5
52561.000000	 633.	  945.4	 22.3	 47.9	  39.0	  2.5
52562.000000	 633.	  945.5	 22.1	 48.0	  52.0	  2.7
52563.000000	 633.	  945.5	 22.1	 48.4	  70.0	  2.8
52564.000000	 633.	  945.5	 22.2	 48.5	  69.0	  2.8
52565.000000	 631.	  945.7	 22.3	 48.5	  60.0	  2.7
52568.000000	 635.	  945.3	 22.2	 48.6	  60.0	  2.4
52569.000000	 634.	  945.4	 22.3	 48.5	  53.0	  2.4
52570.000000	 636.	  945.1	 22.2	 48.6	  41.0	  2.4
52571.000000	 635.	  945.3	 22.1	 48.7	  32.0	  2.3
52572.000000	 634.	  945.3	 22.3	 48.4	  33.0	  2.3
52574.000000	 635.	  945.3	 22.2	 48.6	  52.0	  2.4
52575.000000	 636.	  945.2	 22.4	 48.6	  58.0	  2.4
52576.000000	 634.	  945.4	 22.4	 48.6	  48.0	  2.4
52579.000000	 637.	  945.0	 22.2	 48.3	  55.0	  2.5
52580.000000	 636.	  945.2	 22.3	 48.1	  60.0	  2.5
52582.000000	 638.	  944.9	 22.3	 48.8	  44.0	  2.6
52584.000000	 639.	  944.9	 22.2	 48.6	  53.0	  2.8
52585.000000	 640.	  944.7	 22.1	 48.7	  61.0	  2.6
52587.000000	 638.	  944.9	 22.3	 48.7	  54.0	  2.6
52588.000000	 637.	  945.0	 22.3	 48.5	  47.0	  2.7
52589.000000	 636.	  945.2	 22.2	 48.2	  57.0	  2.7
52590.000000	 638.	  945.0	 22.3	 48.8	  60.0	  2.7
52593.000000	 638.	  944.9	 22.4	 49.5	  40.0	  3.1
52594.000000	 636.	  945.1	 22.3	 49.5	  57.0	  3.4
52595.000000	 635.	  945.2	 22.3	 49.8	  60.0	  3.5
52596.000000	 637.	  945.1	 22.4	 49.9	  68.0	  3.5
52597.000000	 635.	  945.2	 22.4	 49.9	  59.0	  3.3
52598.000000	 636.	  945.1	 22.4	 49.8	  58.0	  3.2
52600.000000	 633.	  945.5	 22.3	 49.8	  73.0	  3.1
52603.000000	 634.	  945.4	 22.4	 50.2	  62.0	  3.1
52604.000000	 634.	  945.4	 22.5	 50.5	  53.0	  3.0
52606.000000	 634.	  945.3	 22.4	 50.3	  51.0	  3.5
52608.000000	 633.	  945.4	 22.4	 50.3	  67.0	  3.5
52610.000000	 635.	  945.3	 22.2	 50.5	  72.0	  3.8
52611.000000	 636.	  945.2	 22.4	 50.7	  70.0	  4.1
52612.000000	 634.	  945.3	 22.3	 50.8	  61.0	  4.4
52613.000000	 635.	  945.3	 22.3	 50.9	  59.0	  4.4
52614.000000	 633.	  945.5	 22.4	 50.8	  61.0	  4.4
52615.000000	 636.	  945.2	 22.5	 50.8	  62.0	  4.3
52616.000000	 635.	  945.3	 22.4	 50.7	  66.0	  4.2
52617.000000	 637.	  945.0	 22.4	 50.6	  64.0	  4.2
52622.000000	 642.	  944.5	 22.3	 51.4	  78.0	  4.3
52623.000000	 640.	  944.8	 22.3	 51.7	  72.0	  4.3
52624.000000	 642.	  944.5	 22.3	 51.5	  59.0	  4.2
52625.000000	 642.	  944.4	 22.4	 51.6	  49.0	  4.3
52625.000000	 643.	  944.3	 22.3	 51.3	  52.0	  4.2
52629.000000	 648.	  943.9	 22.3	 51.4	  64.0	  5.2
52630.000000	 646.	  944.0	 22.3	 51.4	  62.0	  5.5
52631.000000	 649.	  943.8	 22.3	 51.5	  66.0	  5.5
52632.000000	 649.	  943.8	 22.3	 51.9	  69.0	  5.3
52634.000000	 649.	  943.7	 22.3	 51.7	  68.0	  4.5
52636.000000	 649.	  943.8	 22.4	 52.1	  55.0	  3.6
52637.000000	 648.	  943.9	 22.4	 51.9	  65.0	  4.0
52638.000000	 651.	  943.5	 22.4	 52.1	  67.0	  4.1
52644.000000	 653.	  943.3	 22.3	 51.9	  48.0	  4.8
52645.000000	 655.	  943.0	 22.6	 52.3	  41.0	  4.8
52646.000000	 653.	  943.3	 22.4	 51.9	  45.0	  5.1
52652.000000	 658.	  942.7	 22.1	 51.7	  40.0	  6.3
52655.000000	 662.	  942.3	 22.0	 51.0	  45.0	  5.6
52656.000000	 663.	  942.2	 22.1	 51.2	  41.0	  5.2
52657.000000	 660.	  942.5	 22.1	 52.0	  36.0	  4.9
52658.000000	 661.	  942.5	 22.1	 51.5	  30.0	  4.7
52659.000000	 660.	  942.5	 22.1	 50.9	  31.0	  4.3
52660.000000	 659.	  942.7	 22.0	 50.8	  34.0	  4.2
52661.000000	 659.	  942.7	 21.9	 50.7	  37.0	  4.2
52662.000000	 660.	  942.5	 21.9	 50.7	  43.0	  4.1
52663.000000	 658.	  942.8	 22.0	 51.6	  37.0	  4.3
52666.000000	 656.	  943.0	 22.6	 53.1	  35.0	  3.6
52667.000000	 659.	  942.7	 22.6	 54.2	  43.0	  3.6
52668.000000	 657.	  942.8	 22.7	 53.6	  47.0	  3.6
52669.000000	 660.	  942.6	 22.7	 53.3	  46.0	  3.6
52672.000000	 662.	  942.4	 22.0	 51.4	  59.0	  4.7
52673.000000	 662.	  942.3	 22.0	 51.4	  62.0	  5.0
52674.000000	 661.	  942.4	 22.0	 51.7	  61.0	  5.0
52675.000000	 662.	  942.3	 22.0	 52.5	  58.0	  5.0
52679.000000	 666.	  941.8	 21.9	 52.3	  56.0	  4.4
52680.000000	 667.	  941.7	 22.0	 52.5	  60.0	  4.6
52681.000000	 669.	  941.6	 22.1	 53.2	  66.0	  4.9
52682.000000	 669.	  941.5	 22.0	 53.3	  64.0	  5.3
52683.000000	 671.	  941.3	 22.0	 53.3	  66.0	  5.6
52684.000000	 669.	  941.6	 21.9	 53.9	  47.0	  6.1
52685.000000	 670.	  941.4	 22.0	 53.3	  36.0	  6.1
52689.000000	 674.	  941.0	 21.9	 54.5	  38.0	  4.8
52690.000000	 672.	  941.2	 22.1	 53.3	  50.0	  4.9
52691.000000	 671.	  941.4	 21.6	 51.7	  45.0	  5.2
52692.000000	 671.	  941.4	 21.7	 57.0	  40.0	  5.1
52693.000000	 673.	  941.1	 21.7	 52.5	  38.0	  4.8
52694.000000	 674.	  941.1	 21.7	 52.8	  38.0	  5.1
52695.000000	 676.	  940.8	 21.8	 52.8	  41.0	  5.7
52696.000000	 675.	  940.9	 21.6	 52.6	  67.0	  5.5
52697.000000	 673.	  941.2	 21.7	 53.2	  51.0	  5.5
52698.000000	 676.	  940.8	 21.8	 53.5	  49.0	  5.0
52699.000000	 676.	  940.9	 21.9	 52.4	  43.0	  5.1
52700.000000	 676.	  940.9	 21.7	 51.7	  45.0	  4.8
52702.000000	 676.	  940.8	 21.7	 53.4	  36.0	  4.8
52703.000000	 675.	  940.9	 21.9	 54.5	  37.0	  4.8
52704.000000	 675.	  940.9	 21.8	 53.5	  31.0	  5.1
52706.000000	 675.	  941.0	 21.8	 52.6	  28.0	  5.2
52707.000000	 671.	  941.3	 21.7	 52.3	  40.0	  5.1
52708.000000	 672.	  941.2	 21.7	 52.1	  35.0	  5.3
52709.000000	 670.	  941.4	 21.7	 52.1	  37.0	  5.1
52710.000000	 671.	  941.4	 21.7	 51.8	  40.0	  5.3
52711.000000	 671.	  941.4	 21.7	 51.7	  45.0	  5.1
52712.000000	 674.	  941.0	 21.7	 51.9	  48.0	  5.1
52713.000000	 671.	  941.4	 21.6	 51.9	  49.0	  5.2
52717.000000	 670.	  941.5	 21.6	 52.1	  55.0	  5.2
52718.000000	 669.	  941.6	 21.7	 52.1	  54.0	  5.2
52720.000000	 670.	  941.5	 21.7	 52.1	  50.0	  5.1
52721.000000	 668.	  941.7	 21.7	 52.0	  53.0	  5.0
52722.000000	 669.	  941.6	 21.6	 52.3	  59.0	  5.1
52726.000000	 666.	  941.8	 21.7	 52.6	  54.0	  5.3
52727.000000	 667.	  941.8	 21.7	 52.7	  58.0	  5.1
52728.000000	 667.	  941.8	 21.7	 53.3	  59.0	  5.0
52732.000000	 667.	  941.8	 21.7	 53.1	  45.0	  5.5
52733.000000	 669.	  941.6	 21.7	 53.2	  57.0	  5.5
52734.000000	 667.	  941.8	 21.7	 53.5	  52.0	  5.5
52735.000000	 669.	  941.5	 21.8	 53.8	  59.0	  5.9
52736.000000	 672.	  941.2	 21.8	 54.4	  62.0	  6.4
52737.000000	 672.	  941.3	 21.8	 54.5	  61.0	  6.7
52738.000000	 674.	  941.0	 21.7	 54.9	  55.0	  6.9
52739.000000	 671.	  941.4	 21.7	 54.4	  63.0	  6.5
52740.000000	 673.	  941.2	 21.7	 54.6	  66.0	  6.0
52742.000000	 672.	  941.2	 21.5	 54.1	  61.0	  5.6
52743.000000	 672.	  941.2	 21.6	 54.1	  57.0	  5.2
52746.000000	 674.	  941.0	 21.6	 54.3	  59.0	  4.6
52747.000000	 670.	  941.4	 21.6	 54.3	  58.0	  4.8
52748.000000	 674.	  941.0	 21.6	 54.4	  60.0	  5.0
52749.000000	 675.	  940.9	 21.6	 54.2	  61.0	  5.5
52750.000000	 672.	  941.2	 21.6	 54.3	  57.0	  5.5
52751.000000	 673.	  941.2	 21.6	 54.4	  56.0	  5.5
52752.000000	 672.	  941.2	 21.6	 54.3	  56.0	  5.7
52753.000000	 673.	  941.1	 21.6	 54.3	  58.0	  6.0
52754.000000	 673.	  941.1	 21.6	 54.4	  54.0	  5.9
52755.000000	 674.	  941.1	 21.5	 54.3	  54.0	  5.8
52757.000000	 674.	  941.1	 21.5	 54.5	  57.0	  5.9
52760.000000	 677.	  940.7	 21.5	 54.3	  53.0	  6.2
52762.000000	 680.	  940.4	 21.5	 54.2	  55.0	  6.1
52763.000000	 676.	  940.8	 21.5	 54.4	  54.0	  6.2
52764.000000	 678.	  940.6	 21.5	 54.4	  54.0	  6.1
52765.000000	 681.	  940.3	 21.5	 54.5	  52.0	  6.1
52766.000000	 679.	  940.5	 21.5	 54.5	  50.0	  6.1
52767.000000	 678.	  940.6	 21.5	 54.2	  51.0	  6.1
52768.000000	 677.	  940.7	 21.5	 54.2	  49.0	  6.0
52771.000000	 679.	  940.5	 21.5	 53.4	  53.0	  6.0
52772.000000	 679.	  940.5	 21.5	 53.0	  53.0	  5.9
52773.000000	 681.	  940.2	 21.5	 53.1	  52.0	  6.0
52774.000000	 683.	  940.0	 21.5	 52.9	  53.0	  6.0
52775.000000	 683.	  940.1	 21.5	 53.2	  53.0	  6.0
52776.000000	 682.	  940.1	 21.5	 53.3	  49.0	  6.0
52777.000000	 680.	  940.4	 21.5	 53.5	  48.0	  5.9
52778.000000	 681.	  940.3	 21.5	 54.0	  51.0	  5.6
52780.000000	 680.	  940.4	 21.5	 54.4	  50.0	  5.6
52781.000000	 682.	  940.1	 21.5	 53.2	  48.0	  5.5
52782.000000	 681.	  940.2	 21.5	 53.1	  47.0	  5.5
52783.000000	 680.	  940.4	 21.5	 53.0	  49.0	  5.7
52784.000000	 681.	  940.3	 21.5	 52.9	  50.0	  5.6
52785.000000	 683.	  940.0	 21.5	 52.9	  52.0	  5.7
52786.000000	 682.	  940.2	 21.4	 53.0	  52.0	  5.8
52791.000000	 685.	  939.8	 21.5	 53.1	  51.0	  5.6
52792.000000	 685.	  939.9	 21.4	 53.2	  46.0	  5.5
52793.000000	 682.	  940.2	 21.4	 53.5	  46.0	  5.5
52794.000000	 683.	  940.1	 21.5	 54.1	  56.0	  5.3
52795.000000	 683.	  940.0	 21.5	 54.5	  60.0	  5.0
52797.000000	 682.	  940.1	 21.4	 54.3	  56.0	  4.8
52798.000000	 682.	  940.1	 21.5	 53.8	  47.0	  4.8
52800.000000	 681.	  940.2	 21.5	 54.0	  51.0	  4.8
52801.000000	 682.	  940.2	 21.5	 54.1	  58.0	  4.9
52802.000000	 682.	  940.2	 21.5	 54.4	  57.0	  5.0
52803.000000	 681.	  940.3	 21.5	 54.3	  59.0	  5.0
52805.000000	 683.	  940.1	 21.5	 53.5	  64.0	  5.0
52807.000000	 680.	  940.3	 21.5	 54.0	  64.0	  5.1
52810.000000	 682.	  940.2	 21.5	 54.1	  49.0	  5.4
52811.000000	 683.	  940.0	 21.5	 54.3	  54.0	  5.4
52812.000000	 681.	  940.2	 21.5	 54.2	  58.0	  5.4
52813.000000	 680.	  940.3	 21.4	 54.4	  57.0	  5.1
52814.000000	 683.	  940.0	 21.5	 54.6	  61.0	  5.1
52815.000000	 681.	  940.2	 21.5	 54.5	  62.0	  5.1
52816.000000	 682.	  940.2	 21.4	 54.6	  57.0	  5.1
52820.000000	 683.	  940.0	 21.5	 54.5	  61.0	  5.1
52821.000000	 684.	  939.9	 21.5	 54.5	  61.0	  5.0
52823.000000	 683.	  940.0	 21.4	 53.2	  60.0	  5.4
52824.000000	 685.	  939.8	 21.4	 53.3	  63.0	  5.5
52825.000000	 687.	  939.7	 21.5	 53.3	  63.0	  5.8
52826.000000	 684.	  940.0	 21.4	 53.5	  64.0	  5.9
52827.000000	 687.	  939.6	 21.4	 53.4	  66.0	  5.9
52828.000000	 688.	  939.5	 21.4	 53.4	  65.0	  5.7
52829.000000	 686.	  939.7	 21.4	 53.3	  62.0	  5.4
52830.000000	 688.	  939.5	 21.4	 53.4	  57.0	  5.4
52833.000000	 691.	  939.2	 21.4	 53.9	  57.0	  5.3
52834.000000	 688.	  939.5	 21.4	 54.0	  52.0	  5.1
52835.000000	 688.	  939.5	 21.4	 54.1	  45.0	  4.9
52836.000000	 689.	  939.4	 21.4	 53.4	  49.0	  4.9
52837.000000	 688.	  939.5	 21.4	 53.5	  56.0	  4.9
52838.000000	 687.	  939.6	 21.4	 53.9	  58.0	  4.8
52839.000000	 688.	  939.5	 21.4	 54.0	  54.0	  4.6
52842.000000	 689.	  939.4	 21.4	 53.8	  58.0	  4.6
52843.000000	 690.	  939.2	 21.4	 54.0	  60.0	  4.8
52844.000000	 687.	  939.7	 21.5	 53.8	  57.0	  4.8
52845.000000	 690.	  939.3	 21.4	 54.0	  55.0	  4.8
52846.000000	 689.	  939.4	 21.4	 54.0	  55.0	  4.8
52847.000000	 689.	  939.4	 21.5	 54.0	  50.0	  4.8
52848.000000	 691.	  939.1	 21.4	 53.8	  54.0	  4.7
52850.000000	 690.	  939.3	 21.4	 53.5	  57.0	  4.8
52851.000000	 691.	  939.2	 21.4	 53.4	  57.0	  5.0
52852.000000	 691.	  939.2	 21.4	 53.5	  61.0	  5.1
52853.000000	 692.	  939.1	 21.4	 53.9	  60.0	  5.2
52855.000000	 692.	  939.1	 21.4	 53.6	  59.0	  5.3
52856.000000	 692.	  939.0	 21.3	 53.4	  58.0	  5.1
52857.000000	 691.	  939.2	 21.4	 53.9	  58.0	  5.1
52858.000000	 693.	  939.0	 21.4	 54.0	  58.0	  5.1
52859.000000	 693.	  939.0	 21.4	 54.0	  59.0	  5.0
52860.000000	 692.	  939.1	 21.4	 53.9	  57.0	  5.0
52861.000000	 692.	  939.1	 21.3	 53.9	  56.0	  5.0
52862.000000	 691.	  939.2	 21.3	 53.7	  56.0	  5.0
52863.000000	 691.	  939.1	 21.4	 53.8	  58.0	  4.9
52866.000000	 693.	  938.9	 21.4	 53.0	  58.0	  4.8
52867.000000	 695.	  938.8	 21.4	 53.1	  57.0	  5.0
52868.000000	 692.	  939.1	 21.4	 53.2	  57.0	  5.1
52872.000000	 692.	  939.1	 21.4	 53.1	  62.0	  5.2
52873.000000	 690.	  939.3	 21.4	 53.3	  65.0	  5.0
52874.000000	 692.	  939.0	 21.4	 52.9	  64.0	  4.9
52876.000000	 692.	  939.0	 21.4	 52.4	  56.0	  5.0
52877.000000	 691.	  939.2	 21.4	 52.4	  57.0	  4.9
52878.000000	 689.	  939.3	 21.4	 52.4	  56.0	  4.9
52879.000000	 690.	  939.3	 21.4	 52.4	  56.0	  4.8
52880.000000	 690.	  939.3	 21.4	 52.6	  53.0	  4.7
52882.000000	 690.	  939.3	 21.4	 52.4	  60.0	  4.9
52885.000000	 690.	  939.3	 21.4	 52.5	  57.0	  5.0
52886.000000	 690.	  939.3	 21.4	 52.5	  50.0	  5.1
52887.000000	 688.	  939.5	 21.4	 52.5	  55.0	  5.4
52888.000000	 689.	  939.4	 21.4	 52.5	  60.0	  5.4
52891.000000	 691.	  939.2	 21.4	 52.4	  55.0	  5.1
52892.000000	 692.	  939.1	 21.4	 52.3	  56.0	  5.3
52893.000000	 689.	  939.4	 21.4	 52.3	  57.0	  5.5
52894.000000	 689.	  939.3	 21.4	 52.3	  56.0	  5.5
52896.000000	 691.	  939.2	 21.4	 52.5	  51.0	  5.6
52898.000000	 691.	  939.2	 21.4	 52.4	  59.0	  5.2
52899.000000	 690.	  939.3	 21.4	 52.6	  58.0	  5.3
52902.000000	 691.	  939.2	 21.4	 52.8	  55.0	  5.0
52903.000000	 692.	  939.0	 21.4	 52.8	  57.0	  5.0
52904.000000	 694.	  938.9	 21.4	 52.6	  61.0	  4.9
52905.000000	 692.	  939.1	 21.4	 52.5	  64.0	  4.6
52906.000000	 693.	  938.9	 21.4	 52.9	  59.0	  4.5
52907.000000	 692.	  939.1	 21.4	 52.8	  51.0	  4.4
52908.000000	 693.	  939.0	 21.4	 52.8	  52.0	  4.5
52909.000000	 692.	  939.1	 21.4	 53.0	  58.0	  4.5
52910.000000	 691.	  939.2	 21.3	 53.5	  63.0	  4.5
52913.000000	 692.	  939.0	 21.4	 53.3	  62.0	  4.5
52915.000000	 691.	  939.2	 21.4	 53.0	  62.0	  4.5
52916.000000	 688.	  939.5	 21.4	 53.1	  58.0	  4.4
52918.000000	 689.	  939.4	 21.4	 52.4	  59.0	  4.3
52919.000000	 689.	  939.4	 21.4	 53.2	  60.0	  4.2
52920.000000	 687.	  939.6	 21.4	 53.2	  61.0	  4.1
52923.000000	 687.	  939.6	 21.5	 52.1	  55.0	  4.2
52924.000000	 688.	  939.5	 21.5	 52.1	  53.0	  4.3
52925.000000	 686.	  939.7	 21.4	 51.9	  53.0	  4.3
52926.000000	 686.	  939.7	 21.5	 51.8	  57.0	  4.3
52927.000000	 688.	  939.5	 21.4	 51.9	  62.0	  4.2
52929.000000	 687.	  939.6	 21.4	 52.5	  64.0	  4.2
52930.000000	 690.	  939.3	 21.5	 52.2	  60.0	  4.3
52931.000000	 688.	  939.6	 21.4	 52.4	  57.0	  4.4
52934.000000	 689.	  939.4	 21.4	 52.5	  61.0	  4.3
52935.000000	 689.	  939.4	 21.5	 52.4	  61.0	  4.2
52936.000000	 688.	  939.5	 21.5	 52.5	  61.0	  4.2
52937.000000	 687.	  939.6	 21.4	 52.4	  60.0	  4.2
52938.000000	 687.	  939.6	 21.5	 52.1	  60.0	  4.2
52940.000000	 689.	  939.4	 21.4	 52.2	  62.0	  4.4
52941.000000	 688.	  939.5	 21.4	 52.3	  63.0	  4.7
52942.000000	 689.	  939.4	 21.4	 52.0	  59.0	  4.7
52943.000000	 688.	  939.5	 21.5	 51.9	  56.0	  4.8
52945.000000	 690.	  939.3	 21.4	 51.2	  64.0	  4.9
52946.000000	 689.	  939.3	 21.5	 51.2	  60.0	  5.0
52947.000000	 692.	  939.1	 21.5	 51.2	  55.0	  4.9
52948.000000	 692.	  939.1	 21.4	 51.2	  53.0	  4.7
52949.000000	 688.	  939.5	 21.4	 51.2	  57.0	  4.8
52950.000000	 693.	  938.9	 21.4	 51.4	  60.0	  4.7
52951.000000	 690.	  939.2	 21.4	 51.4	  61.0	  4.8
52952.000000	 688.	  939.5	 21.4	 51.3	  59.0	  4.9
52953.000000	 690.	  939.3	 21.4	 51.3	  57.0	  4.9
52954.000000	 691.	  939.2	 21.4	 51.5	  61.0	  4.9
52955.000000	 691.	  939.2	 21.5	 51.4	  61.0	  4.6
52957.000000	 692.	  939.1	 21.5	 51.2	  57.0	  4.4
52958.000000	 690.	  939.3	 21.5	 51.4	  55.0	  4.4
52959.000000	 690.	  939.3	 21.4	 51.7	  52.0	  4.4
52961.000000	 692.	  939.1	 21.4	 51.6	  55.0	  4.5
52962.000000	 695.	  938.8	 21.4	 51.6	  60.0	  4.6
52963.000000	 693.	  938.9	 21.5	 51.5	  58.0	  4.7
52965.000000	 693.	  938.9	 21.4	 51.4	  60.0	  4.6
52966.000000	 693.	  938.9	 21.4	 51.4	  62.0	  4.6
52967.000000	 693.	  939.0	 21.4	 51.1	  59.0	  4.7
52971.000000	 695.	  938.7	 21.4	 51.5	  62.0	  4.7
52972.000000	 694.	  938.8	 21.4	 51.6	  59.0	  4.7
52973.000000	 697.	  938.6	 21.4	 51.5	  61.0	  4.5
52974.000000	 697.	  938.5	 21.4	 51.7	  58.0	  4.5
52975.000000	 696.	  938.7	 21.4	 51.8	  57.0	  4.5
52977.000000	 698.	  938.4	 21.4	 51.7	  61.0	  4.6
52978.000000	 697.	  938.6	 21.4	 52.0	  62.0	  4.6
52979.000000	 697.	  938.5	 21.4	 51.9	  60.0	  4.8
52980.000000	 697.	  938.5	 21.4	 52.0	  61.0	  4.7
52981.000000	 699.	  938.3	 21.4	 51.9	  57.0	  4.7
52982.000000	 699.	  938.3	 21.4	 51.9	  59.0	  4.6
52983.000000	 701.	  938.1	 21.4	 51.8	  59.0	  4.5
52984.000000	 701.	  938.2	 21.4	 51.9	  60.0	  4.2
52987.000000	 699.	  938.3	 21.4	 51.9	  59.0	  4.5
52989.000000	 699.	  938.3	 21.4	 52.4	  60.0	  4.4
52990.000000	 700.	  938.2	 21.3	 52.5	  61.0	  4.4
52991.000000	 701.	  938.1	 21.4	 52.6	  58.0	  4.2
52992.000000	 700.	  938.2	 21.4	 52.6	  53.0	  4.2
52993.000000	 702.	  938.0	 21.4	 52.7	  54.0	  4.3
52994.000000	 702.	  938.0	 21.4	 52.7	  56.0	  4.4
52995.000000	 702.	  937.9	 21.4	 52.7	  58.0	  4.4
52996.000000	 704.	  937.7	 21.3	 52.8	  59.0	  4.4
52999.000000	 704.	  937.8	 21.3	 52.9	  54.0	  4.4
53000.000000	 702.	  938.0	 21.3	 52.9	  56.0	  4.6
53002.000000	 703.	  937.8	 21.3	 52.5	  57.0	  4.8
53003.000000	 705.	  937.7	 21.3	 52.9	  57.0	  4.6
53004.000000	 703.	  937.8	 21.3	 52.8	  55.0	  4.4
53005.000000	 703.	  937.9	 21.3	 52.6	  58.0	  4.1
53007.000000	 707.	  937.5	 21.3	 52.6	  59.0	  4.0
53009.000000	 708.	  937.4	 21.3	 52.5	  59.0	  3.9
53010.000000	 705.	  937.7	 21.3	 52.6	  57.0	  3.9
53011.000000	 705.	  937.7	 21.3	 52.6	  56.0	  3.9
53012.000000	 707.	  937.5	 21.4	 52.6	  58.0	  3.9
53013.000000	 703.	  937.8	 21.3	 52.6	  55.0	  3.9
53014.000000	 703.	  937.9	 21.3	 52.6	  57.0	  3.9
53015.000000	 708.	  937.3	 21.3	 52.7	  59.0	  3.9
53016.000000	 707.	  937.4	 21.4	 52.7	  61.0	  4.0
53017.000000	 707.	  937.5	 21.3	 52.8	  61.0	  4.0
53018.000000	 705.	  937.7	 21.3	 52.9	  59.0	  4.0
53019.000000	 708.	  937.4	 21.4	 52.8	  57.0	  4.1
53020.000000	 706.	  937.6	 21.3	 52.9	  63.0	  3.9
53021.000000	 709.	  937.3	 21.3	 53.0	  63.0	  4.0
53022.000000	 706.	  937.6	 21.3	 53.1	  61.0	  4.0
53024.000000	 707.	  937.5	 21.3	 53.0	  59.0	  3.9
53026.000000	 709.	  937.3	 21.3	 53.2	  60.0	  3.9
53028.000000	 706.	  937.5	 21.3	 53.8	  62.0	  3.9
53030.000000	 707.	  937.5	 21.3	 53.6	  62.0	  4.0
53031.000000	 709.	  937.2	 21.4	 53.8	  62.0	  4.1
53032.000000	 709.	  937.2	 21.3	 53.9	  59.0	  4.2
53033.000000	 708.	  937.4	 21.3	 54.0	  55.0	  4.2
53034.000000	 708.	  937.4	 21.3	 54.0	  52.0	  4.2
53035.000000	 709.	  937.2	 21.3	 53.8	  57.0	  4.4
53036.000000	 708.	  937.3	 21.2	 53.7	  61.0	  4.4
53038.000000	 709.	  937.2	 21.3	 53.5	  57.0	  4.4
53041.000000	 710.	  937.1	 21.2	 53.4	  56.0	  4.3
53045.000000	 714.	  936.7	 21.2	 53.3	  56.0	  4.4
53047.000000	 713.	  936.8	 21.2	 53.3	  56.0	  4.4
53048.000000	 713.	  936.8	 21.3	 53.2	  61.0	  4.4
53050.000000	 713.	  936.8	 21.2	 53.6	  59.0	  4.6
53051.000000	 715.	  936.6	 21.2	 53.0	  57.0	  4.6
53054.000000	 716.	  936.5	 21.2	 53.2	  58.0	  4.3
53055.000000	 716.	  936.4	 21.2	 52.8	  57.0	  4.1
53056.000000	 717.	  936.3	 21.2	 52.3	  58.0	  4.0
53057.000000	 720.	  936.1	 21.2	 52.3	  61.0	  4.0
53058.000000	 717.	  936.3	 21.2	 52.4	  62.0	  4.0
53059.000000	 718.	  936.3	 21.2	 52.9	  60.0	  3.9
53060.000000	 718.	  936.2	 21.2	 53.0	  59.0	  3.9
53063.000000	 719.	  936.2	 21.2	 53.0	  54.0	  3.8
53065.000000	 722.	  935.8	 21.2	 53.3	  55.0	  3.7
53066.000000	 719.	  936.1	 21.2	 53.4	  54.0	  3.8
53068.000000	 718.	  936.3	 21.2	 52.9	  48.0	  4.0
53069.000000	 721.	  936.0	 21.2	 53.1	  49.0	  4.0
53070.000000	 720.	  936.1	 21.2	 53.3	  50.0	  4.0
53071.000000	 721.	  935.9	 21.2	 53.5	  53.0	  4.0
53072.000000	 717.	  936.3	 21.2	 53.8	  53.0	  3.8
53073.000000	 720.	  936.0	 21.2	 53.3	  57.0	  3.7
53076.000000	 721.	  935.9	 21.1	 53.5	  62.0	  3.7
53077.000000	 721.	  936.0	 21.2	 53.1	  52.0	  3.7
53078.000000	 722.	  935.8	 21.1	 53.0	  52.0	  3.6
53079.000000	 723.	  935.7	 21.2	 53.0	  60.0	  3.8
53083.000000	 723.	  935.7	 21.2	 53.7	  52.0	  3.5
53084.000000	 724.	  935.7	 21.2	 53.5	  57.0	  3.6
53085.000000	 724.	  935.7	 21.1	 53.4	  65.0	  3.8
53086.000000	 725.	  935.5	 21.2	 53.2	  62.0	  3.8
53087.000000	 723.	  935.7	 21.2	 53.3	  55.0	  3.9
53091.000000	 723.	  935.7	 21.2	 54.2	  60.0	  4.2
53092.000000	 724.	  935.6	 21.1	 53.4	  59.0	  4.2
53093.000000	 725.	  935.5	 21.1	 54.0	  58.0	  4.1
53094.000000	 725.	  935.5	 21.2	 54.0	  55.0	  4.2
53095.000000	 726.	  935.5	 21.2	 54.1	  55.0	  4.2
53097.000000	 723.	  935.8	 21.2	 54.1	  57.0	  4.1
53099.000000	 720.	  936.1	 21.1	 53.8	  60.0	  4.1
53100.000000	 726.	  935.4	 21.2	 53.9	  59.0	  4.0
53102.000000	 725.	  935.5	 21.1	 53.8	  58.0	  3.8
53103.000000	 724.	  935.7	 21.1	 53.8	  58.0	  3.7
53104.000000	 725.	  935.5	 21.1	 53.8	  60.0	  3.6
53105.000000	 724.	  935.6	 21.2	 53.8	  65.0	  3.6
53107.000000	 723.	  935.7	 21.2	 53.8	  60.0	  3.6
53109.000000	 723.	  935.7	 21.1	 53.8	  59.0	  3.5
53110.000000	 724.	  935.6	 21.2	 53.8	  65.0	  3.4
53112.000000	 721.	  935.9	 21.1	 53.8	  64.0	  3.3
53114.000000	 720.	  936.1	 21.1	 54.0	  60.0	  3.5
53115.000000	 724.	  935.6	 21.1	 54.0	  61.0	  3.6
53116.000000	 720.	  936.1	 21.2	 53.9	  61.0	  3.6
53117.000000	 722.	  935.8	 21.2	 54.0	  62.0	  3.5
53118.000000	 719.	  936.2	 21.2	 53.8	  62.0	  3.5
53119.000000	 723.	  935.7	 21.2	 54.2	  61.0	  3.5
53120.000000	 721.	  935.9	 21.2	 53.8	  61.0	  3.7
53121.000000	 720.	  936.0	 21.1	 53.8	  58.0	  4.0
53123.000000	 722.	  935.8	 21.2	 53.9	  51.0	  4.5
53124.000000	 720.	  936.0	 21.2	 53.8	  46.0	  4.6
53125.000000	 721.	  936.0	 21.2	 53.8	  56.0	  4.4
53127.000000	 722.	  935.8	 21.2	 53.6	  56.0	  3.9
53129.000000	 720.	  936.0	 21.2	 53.6	  57.0	  3.8
53131.000000	 720.	  936.1	 21.2	 53.7	  65.0	  3.8
53132.000000	 722.	  935.8	 21.2	 53.6	  59.0	  3.8
53135.000000	 721.	  936.0	 21.2	 53.5	  61.0	  4.3
53136.000000	 722.	  935.8	 21.1	 53.5	  60.0	  4.5
53137.000000	 722.	  935.8	 21.2	 54.0	  59.0	  4.8
53138.000000	 721.	  935.9	 21.2	 53.5	  51.0	  5.1
53139.000000	 724.	  935.7	 21.2	 53.3	  53.0	  5.1
53141.000000	 721.	  935.9	 21.1	 53.5	  63.0	  5.3
53142.000000	 725.	  935.5	 21.1	 53.6	  60.0	  5.1
53143.000000	 724.	  935.6	 21.2	 54.0	  59.0	  4.8
53144.000000	 728.	  935.2	 21.1	 53.4	  62.0	  4.5
53145.000000	 730.	  935.0	 21.2	 53.2	  63.0	  4.4
53146.000000	 730.	  935.0	 21.2	 53.2	  63.0	  4.3
53148.000000	 730.	  934.9	 21.2	 53.1	  58.0	  3.9
53149.000000	 728.	  935.1	 21.2	 53.1	  53.0	  3.7
53150.000000	 730.	  935.0	 21.2	 53.1	  54.0	  3.7
53156.000000	 733.	  934.7	 21.1	 52.8	  58.0	  5.0
53157.000000	 732.	  934.8	 21.1	 52.9	  56.0	  5.1
53158.000000	 734.	  934.5	 21.1	 52.9	  52.0	  5.3
53160.000000	 734.	  934.5	 21.1	 52.7	  57.0	  5.1
53161.000000	 737.	  934.2	 21.1	 53.0	  55.0	  5.1
53162.000000	 738.	  934.2	 21.0	 53.3	  51.0	  5.1
53163.000000	 737.	  934.2	 21.1	 53.1	  50.0	  5.0
53164.000000	 740.	  933.8	 21.1	 53.1	  47.0	  4.7
53165.000000	 739.	  934.0	 21.1	 52.8	  47.0	  4.7
53166.000000	 739.	  934.0	 21.1	 53.0	  49.0	  4.7
53167.000000	 741.	  933.8	 21.1	 53.0	  47.0	  4.7
53169.000000	 737.	  934.2	 21.1	 52.7	  42.0	  4.6
53170.000000	 741.	  933.8	 21.1	 52.7	  46.0	  4.7
53171.000000	 739.	  934.0	 21.1	 52.7	  51.0	  4.7
53172.000000	 741.	  933.8	 21.0	 53.0	  49.0	  4.5
53173.000000	 740.	  933.9	 21.0	 53.1	  53.0	  4.6
53174.000000	 741.	  933.8	 21.0	 53.0	  49.0	  4.5
53175.000000	 741.	  933.8	 21.1	 52.9	  47.0	  4.4
53176.000000	 740.	  933.9	 21.0	 52.8	  51.0	  4.3
53177.000000	 741.	  933.8	 21.0	 53.1	  52.0	  4.2
53182.000000	 742.	  933.7	 21.0	 52.9	  51.0	  3.8
53183.000000	 741.	  933.8	 21.0	 52.9	  51.0	  3.9
53188.000000	 742.	  933.7	 20.9	 54.4	  54.0	  4.0
53192.000000	 744.	  933.5	 20.9	 53.8	  63.0	  3.3
53193.000000	 743.	  933.5	 21.0	 53.8	  61.0	  3.0
53194.000000	 740.	  933.9	 20.9	 53.8	  58.0	  2.9
53196.000000	 741.	  933.8	 21.0	 53.8	  59.0	  3.0
53197.000000	 738.	  934.1	 21.0	 53.9	  56.0	  2.9
53200.000000	 740.	  933.9	 21.1	 53.4	  56.0	  2.9
53201.000000	 739.	  934.0	 21.0	 53.2	  48.0	  3.0
53202.000000	 741.	  933.8	 21.1	 53.5	  53.0	  3.1
53203.000000	 740.	  933.9	 21.0	 53.0	  59.0	  3.3
53207.000000	 736.	  934.3	 21.1	 52.5	  52.0	  3.4
53208.000000	 736.	  934.3	 21.1	 52.4	  58.0	  3.3
53209.000000	 736.	  934.4	 21.1	 52.5	  56.0	  3.3
53210.000000	 735.	  934.4	 21.1	 52.2	  53.0	  3.3
53214.000000	 735.	  934.5	 21.2	 51.7	  57.0	  3.0
53215.000000	 733.	  934.7	 21.2	 51.7	  51.0	  2.9
53216.000000	 732.	  934.8	 21.2	 51.9	  49.0	  2.8
53219.000000	 728.	  935.2	 21.2	 52.3	  64.0	  2.8
53221.000000	 728.	  935.2	 21.2	 52.1	  48.0	  2.9
53222.000000	 729.	  935.1	 21.2	 51.9	  51.0	  2.9
53223.000000	 730.	  935.0	 21.2	 51.8	  57.0	  3.0
53224.000000	 729.	  935.1	 21.2	 52.1	  58.0	  2.9
53225.000000	 729.	  935.0	 21.2	 52.0	  54.0	  2.9
53226.000000	 727.	  935.3	 21.2	 52.1	  50.0	  2.9
53228.000000	 727.	  935.3	 21.2	 51.5	  59.0	  3.0
53229.000000	 726.	  935.4	 21.3	 51.5	  59.0	  3.1
53232.000000	 724.	  935.6	 21.3	 51.2	  52.0	  2.9
53233.000000	 723.	  935.7	 21.3	 50.9	  54.0	  2.9
53235.000000	 725.	  935.5	 21.3	 51.0	  55.0	  2.8
53236.000000	 723.	  935.7	 21.3	 50.7	  48.0	  2.7
53237.000000	 725.	  935.5	 21.3	 50.4	  48.0	  2.8
53238.000000	 724.	  935.6	 21.3	 50.3	  50.0	  2.8
53239.000000	 724.	  935.7	 21.3	 50.2	  52.0	  2.8
53240.000000	 723.	  935.8	 21.3	 50.4	  52.0	  2.8
53243.000000	 720.	  936.0	 21.4	 50.5	  53.0	  2.8
53244.000000	 721.	  936.0	 21.3	 50.3	  57.0	  2.9
53247.000000	 721.	  936.0	 21.3	 50.3	  56.0	  2.8
53249.000000	 720.	  936.1	 21.4	 50.2	  52.0	  3.0
53250.000000	 721.	  936.0	 21.4	 50.2	  53.0	  3.0
53251.000000	 715.	  936.5	 21.4	 49.9	  54.0	  3.0
53252.000000	 718.	  936.3	 21.4	 51.3	  55.0	  3.0
53254.000000	 715.	  936.6	 21.4	 50.5	  57.0	  3.1
53255.000000	 718.	  936.2	 21.4	 50.3	  54.0	  3.1
53256.000000	 713.	  936.8	 21.4	 51.5	  56.0	  3.0
53257.000000	 714.	  936.7	 21.3	 51.4	  56.0	  2.9
53258.000000	 714.	  936.7	 21.4	 51.4	  51.0	  3.0
53260.000000	 713.	  936.8	 21.4	 51.3	  57.0	  2.9
53261.000000	 713.	  936.8	 21.3	 51.8	  56.0	  2.9
53262.000000	 714.	  936.7	 21.3	 51.7	  57.0	  2.9
53264.000000	 712.	  936.9	 21.3	 51.6	  55.0	  2.9
53265.000000	 712.	  936.9	 21.4	 51.5	  56.0	  2.9
53270.000000	 708.	  937.3	 21.4	 50.8	  53.0	  2.9
53271.000000	 704.	  937.8	 21.4	 50.6	  51.0	  2.9
53272.000000	 707.	  937.5	 21.4	 50.5	  50.0	  3.0
53274.000000	 706.	  937.5	 21.4	 50.5	  63.0	  3.1
53276.000000	 704.	  937.8	 21.5	 50.7	  56.0	  2.8
53277.000000	 705.	  937.6	 21.4	 50.7	  52.0	  2.8
53278.000000	 705.	  937.6	 21.5	 50.7	  48.0	  2.8
53279.000000	 705.	  937.6	 21.4	 50.7	  55.0	  2.9
53280.000000	 702.	  938.0	 21.4	 50.6	  53.0	  2.9
53281.000000	 700.	  938.2	 21.4	 50.6	  58.0	  2.9
53282.000000	 700.	  938.2	 21.4	 50.8	  64.0	  2.8
53283.000000	 698.	  938.4	 21.5	 50.8	  65.0	  2.7
53284.000000	 698.	  938.5	 21.5	 50.7	  57.0	  2.6
53285.000000	 695.	  938.8	 21.4	 50.8	  46.0	  2.6
53286.000000	 696.	  938.7	 21.5	 50.6	  43.0	  2.6
53287.000000	 697.	  938.5	 21.5	 50.4	  49.0	  2.6
53288.000000	 698.	  938.4	 21.5	 50.5	  55.0	  2.6
53290.000000	 694.	  938.8	 21.5	 50.7	  59.0	  2.6
53294.000000	 691.	  939.2	 21.6	 50.4	  51.0	  2.4
53295.000000	 691.	  939.1	 21.6	 50.6	  57.0	  2.4
53296.000000	 693.	  938.9	 21.5	 50.5	  59.0	  2.5
53298.000000	 691.	  939.2	 21.7	 50.1	  48.0	  2.6
53299.000000	 690.	  939.3	 21.7	 49.8	  44.0	  2.6
53301.000000	 686.	  939.7	 21.5	 50.1	  56.0	  2.5
53302.000000	 688.	  939.5	 21.6	 50.0	  63.0	  2.4
53303.000000	 684.	  939.9	 21.7	 49.8	  64.0	  2.4
53304.000000	 686.	  939.8	 21.7	 50.0	  53.0	  2.4
53305.000000	 686.	  939.7	 21.7	 49.9	  49.0	  2.4
53306.000000	 687.	  939.6	 21.5	 49.7	  56.0	  2.4
53307.000000	 682.	  940.2	 21.7	 50.2	  56.0	  2.4
53308.000000	 684.	  939.9	 21.7	 50.0	  56.0	  2.5
53309.000000	 685.	  939.8	 21.7	 49.5	  54.0	  2.6
53310.000000	 684.	  939.9	 21.8	 49.6	  46.0	  2.6
53312.000000	 683.	  940.1	 21.6	 49.5	  57.0	  2.4
53313.000000	 684.	  939.9	 21.6	 50.2	  60.0	  2.4
53314.000000	 682.	  940.1	 21.7	 50.4	  59.0	  2.5
53315.000000	 683.	  940.0	 21.6	 50.6	  44.0	  2.6
53316.000000	 682.	  940.1	 21.7	 50.4	  40.0	  2.4
53319.000000	 680.	  940.4	 21.6	 50.4	  66.0	  2.6
53320.000000	 680.	  940.4	 21.7	 50.4	  58.0	  2.6
53324.000000	 679.	  940.5	 21.7	 50.0	  63.0	  2.7
53325.000000	 679.	  940.4	 21.7	 50.3	  62.0	  2.7
53327.000000	 681.	  940.2	 21.7	 50.2	  48.0	  2.7
53328.000000	 677.	  940.7	 21.6	 50.2	  58.0	  2.7
53329.000000	 678.	  940.6	 21.7	 50.0	  57.0	  2.7
53331.000000	 678.	  940.5	 21.7	 49.8	  40.0	  2.7
53332.000000	 679.	  940.5	 21.7	 50.4	  46.0	  2.9
53333.000000	 676.	  940.8	 21.6	 50.8	  58.0	  3.0
53334.000000	 678.	  940.6	 21.7	 50.9	  48.0	  3.5
53336.000000	 679.	  940.5	 21.7	 50.6	  38.0	  3.2
53337.000000	 680.	  940.4	 21.7	 50.7	  41.0	  3.3
53338.000000	 681.	  940.3	 21.7	 50.9	  50.0	  4.0
53343.000000	 688.	  939.5	 21.6	 51.7	  57.0	  5.5
53344.000000	 690.	  939.2	 21.6	 51.8	  62.0	  5.4
53345.000000	 690.	  939.3	 21.6	 51.7	  58.0	  5.2
53346.000000	 690.	  939.3	 21.6	 51.5	  66.0	  5.5
53347.000000	 690.	  939.3	 21.5	 51.2	  65.0	  5.3
53348.000000	 688.	  939.5	 21.5	 51.8	  66.0	  5.0
53350.000000	 691.	  939.1	 21.6	 51.9	  49.0	  4.3
53352.000000	 693.	  939.0	 21.5	 51.9	  66.0	  3.7
53354.000000	 694.	  938.8	 21.6	 51.9	  51.0	  4.0
53355.000000	 692.	  939.1	 21.5	 52.0	  48.0	  3.9
53357.000000	 694.	  938.9	 21.5	 52.2	  61.0	  4.8
53358.000000	 692.	  939.0	 21.5	 52.2	  58.0	  4.8
53359.000000	 693.	  938.9	 21.6	 52.2	  54.0	  4.7
53360.000000	 696.	  938.7	 21.5	 52.4	  49.0	  4.1
53361.000000	 693.	  939.0	 21.5	 52.1	  66.0	  3.8
53362.000000	 692.	  939.1	 21.5	 52.3	  65.0	  3.8
53364.000000	 695.	  938.8	 21.4	 52.3	  63.0	  3.6
53365.000000	 698.	  938.4	 21.5	 52.4	  44.0	  3.6
53369.000000	 696.	  938.7	 21.5	 51.5	  46.0	  3.5
53372.000000	 691.	  939.2	 21.5	 51.3	  52.0	  2.9
53373.000000	 692.	  939.1	 21.5	 51.5	  57.0	  2.7
53374.000000	 691.	  939.2	 21.6	 51.2	  51.0	  2.7
53375.000000	 694.	  938.8	 21.6	 51.0	  55.0	  2.6
53376.000000	 693.	  939.0	 21.4	 51.3	  63.0	  2.7
53377.000000	 691.	  939.2	 21.6	 51.3	  65.0	  2.6
53378.000000	 690.	  939.3	 21.6	 51.3	  60.0	  2.6
53381.000000	 688.	  939.5	 21.6	 50.5	  60.0	  2.6
53382.000000	 692.	  939.0	 21.6	 50.4	  57.0	  2.6
53383.000000	 689.	  939.4	 21.6	 50.3	  58.0	  2.7
53384.000000	 690.	  939.3	 21.6	 50.7	  52.0	  2.8
53385.000000	 690.	  939.3	 21.6	 50.6	  53.0	  2.9
53386.000000	 687.	  939.6	 21.6	 50.4	  55.0	  2.9
53387.000000	 687.	  939.6	 21.6	 50.4	  50.0	  2.9
53388.000000	 688.	  939.5	 21.6	 50.3	  51.0	  2.9
53389.000000	 687.	  939.7	 21.6	 50.2	  54.0	  2.9
53392.000000	 687.	  939.6	 21.6	 50.4	  54.0	  2.9
53394.000000	 684.	  939.9	 21.6	 50.1	  53.0	  2.8
53395.000000	 687.	  939.6	 21.6	 50.3	  57.0	  2.9
53398.000000	 684.	  940.0	 21.7	 51.0	  44.0	  2.8
53400.000000	 685.	  939.8	 21.6	 50.7	  48.0	  2.7
53403.000000	 683.	  940.0	 21.7	 50.4	  57.0	  2.7
53404.000000	 682.	  940.2	 21.7	 50.3	  52.0	  2.7
53405.000000	 682.	  940.1	 21.7	 50.8	  59.0	  2.6
53407.000000	 681.	  940.2	 21.7	 50.6	  71.0	  2.6
53409.000000	 682.	  940.2	 21.5	 51.5	  45.0	  2.6
53410.000000	 683.	  940.1	 21.7	 51.2	  40.0	  2.7
53411.000000	 681.	  940.2	 21.5	 51.0	  57.0	  2.9
53413.000000	 683.	  940.0	 21.6	 51.7	  72.0	  3.3
53414.000000	 681.	  940.3	 21.6	 51.6	  59.0	  3.3
53415.000000	 681.	  940.3	 21.6	 51.7	  45.0	  3.2
53416.000000	 681.	  940.3	 21.7	 51.5	  51.0	  3.3
53417.000000	 681.	  940.2	 21.7	 52.0	  60.0	  3.4
53419.000000	 680.	  940.3	 21.7	 51.8	  61.0	  3.6
53421.000000	 682.	  940.1	 21.8	 51.8	  48.0	  3.3
53422.000000	 681.	  940.3	 21.8	 51.5	  44.0	  3.3
53423.000000	 683.	  940.1	 21.8	 51.4	  50.0	  3.3
53424.000000	 681.	  940.3	 21.7	 51.5	  60.0	  3.3
53425.000000	 678.	  940.6	 21.8	 51.5	  47.0	  3.2
53426.000000	 682.	  940.2	 21.8	 51.3	  46.0	  3.0
53428.000000	 680.	  940.4	 21.8	 51.2	  54.0	  3.0
53429.000000	 678.	  940.6	 21.7	 51.2	  55.0	  2.9
53430.000000	 678.	  940.6	 21.8	 51.2	  67.0	  2.9
53431.000000	 678.	  940.6	 21.8	 51.1	  65.0	  2.8
53432.000000	 679.	  940.5	 21.8	 50.8	  48.0	  2.7
53435.000000	 677.	  940.7	 21.8	 50.2	  57.0	  2.4
53437.000000	 680.	  940.3	 21.8	 50.7	  42.0	  2.3
53438.000000	 676.	  940.8	 21.8	 50.7	  33.0	  2.3
53441.000000	 677.	  940.7	 21.9	 51.2	  72.0	  2.3
53442.000000	 680.	  940.3	 21.8	 51.6	  62.0	  2.5
53443.000000	 680.	  940.3	 21.9	 51.5	  50.0	  2.6
53444.000000	 680.	  940.4	 21.7	 51.4	  36.0	  2.6
53445.000000	 682.	  940.2	 21.8	 51.6	  55.0	  2.9
53446.000000	 681.	  940.2	 21.8	 51.6	  37.0	  3.3
53447.000000	 681.	  940.2	 21.7	 51.5	  27.0	  3.4
53452.000000	 685.	  939.8	 21.7	 51.8	  53.0	  3.5
53453.000000	 684.	  939.9	 21.8	 51.5	  50.0	  3.4
53454.000000	 685.	  939.9	 21.8	 52.1	  55.0	  3.4
53455.000000	 685.	  939.8	 21.9	 52.0	  46.0	  3.5
53458.000000	 687.	  939.6	 21.8	 52.3	  39.0	  3.5
53459.000000	 691.	  939.2	 21.8	 51.8	  44.0	  4.3
53460.000000	 688.	  939.5	 21.9	 52.2	  51.0	  4.7
53461.000000	 690.	  939.3	 21.9	 52.7	  51.0	  5.0
53462.000000	 691.	  939.1	 21.9	 52.9	  41.0	  4.8
53464.000000	 691.	  939.2	 22.2	 53.0	  43.0	  4.9
53465.000000	 689.	  939.3	 22.1	 53.4	  41.0	  5.0
53466.000000	 693.	  939.0	 22.0	 53.2	  34.0	  5.0
53467.000000	 691.	  939.2	 21.8	 53.2	  23.0	  5.0
53468.000000	 691.	  939.1	 21.6	 53.0	  41.0	  5.2
53469.000000	 689.	  939.4	 21.7	 53.3	  63.0	  5.5
53470.000000	 692.	  939.0	 21.8	 53.4	  61.0	  5.5
53471.000000	 692.	  939.0	 21.7	 53.6	  52.0	  5.6
53472.000000	 690.	  939.3	 21.6	 53.4	  41.0	  5.2
53473.000000	 691.	  939.2	 21.6	 53.0	  50.0	  5.0
53474.000000	 692.	  939.1	 21.6	 53.1	  66.0	  4.8
53475.000000	 692.	  939.1	 21.6	 53.1	  72.0	  4.4
53476.000000	 690.	  939.3	 21.7	 53.1	  66.0	  3.7
53477.000000	 688.	  939.5	 21.7	 53.1	  67.0	  3.2
53478.000000	 690.	  939.3	 21.7	 53.2	  63.0	  2.8
53479.000000	 688.	  939.5	 21.6	 53.2	  67.0	  2.5
53480.000000	 690.	  939.3	 21.5	 53.0	  56.0	  2.3
53481.000000	 688.	  939.5	 21.5	 53.2	  40.0	  2.1
53482.000000	 686.	  939.8	 21.6	 53.2	  36.0	  1.9
53483.000000	 687.	  939.7	 21.6	 53.3	  37.0	  2.1
53485.000000	 688.	  939.5	 21.7	 53.1	  67.0	  3.3
53486.000000	 685.	  939.8	 21.7	 53.6	  60.0	  3.3
53487.000000	 685.	  939.9	 21.6	 53.7	  47.0	  3.2
53488.000000	 687.	  939.7	 21.6	 53.7	  52.0	  3.2
53490.000000	 682.	  940.2	 21.6	 53.7	  63.0	  3.5
53491.000000	 683.	  940.1	 21.6	 53.8	  65.0	  3.4
53492.000000	 680.	  940.3	 21.6	 53.8	  53.0	  3.3
53497.000000	 679.	  940.5	 21.8	 53.1	  56.0	  3.2
53498.000000	 682.	  940.2	 21.7	 53.3	  50.0	  3.3
53499.000000	 682.	  940.2	 21.8	 53.8	  50.0	  3.5
53500.000000	 680.	  940.4	 21.9	 53.4	  46.0	  3.5
53501.000000	 678.	  940.6	 21.9	 53.7	  49.0	  3.5
53502.000000	 681.	  940.3	 21.9	 53.5	  42.0	  3.5
53503.000000	 677.	  940.7	 21.9	 53.3	  39.0	  3.5
53504.000000	 676.	  940.8	 22.0	 53.7	  42.0	  3.7
53505.000000	 678.	  940.6	 21.9	 53.9	  39.0	  4.0
53508.000000	 676.	  940.8	 21.9	 52.8	  41.0	  4.2
53510.000000	 679.	  940.5	 21.8	 52.7	  24.0	  3.8
53511.000000	 680.	  940.4	 21.9	 52.1	  20.0	  4.0
53513.000000	 679.	  940.5	 21.8	 51.9	  32.0	  3.8
53514.000000	 680.	  940.4	 21.7	 51.9	  28.0	  3.8
53515.000000	 678.	  940.6	 21.8	 51.9	  31.0	  4.2
53516.000000	 678.	  940.6	 21.8	 51.9	  28.0	  4.4
53520.000000	 673.	  941.2	 21.8	 51.1	  26.0	  3.1
53521.000000	 673.	  941.2	 21.8	 51.0	  21.0	  3.1
53522.000000	 673.	  941.2	 21.8	 51.0	  19.0	  3.2
53526.000000	 675.	  941.0	 22.0	 52.5	  22.0	  4.0
53527.000000	 676.	  940.8	 21.9	 51.7	  16.0	  4.2
53528.000000	 673.	  941.1	 21.8	 51.8	  27.0	  4.3
53530.000000	 676.	  940.8	 22.2	 53.2	  36.0	  4.8
53531.000000	 675.	  940.9	 22.3	 53.4	  27.0	  5.0
53532.000000	 672.	  941.2	 22.3	 53.1	  18.0	  4.7
53533.000000	 674.	  941.0	 22.0	 51.9	  17.0	  4.0
53536.000000	 671.	  941.3	 21.8	 51.2	  45.0	  4.0
53538.000000	 673.	  941.1	 21.9	 50.9	  27.0	  3.1
53539.000000	 671.	  941.3	 21.7	 50.7	  41.0	  3.0
53541.000000	 668.	  941.7	 21.8	 50.9	  56.0	  2.8
53542.000000	 671.	  941.3	 21.7	 51.0	  44.0	  2.6
53543.000000	 670.	  941.4	 21.6	 50.8	  30.0	  2.4
53544.000000	 666.	  941.8	 21.8	 50.6	  39.0	  2.3
53545.000000	 667.	  941.8	 21.7	 50.8	  52.0	  2.5
53546.000000	 665.	  942.0	 21.8	 50.8	  55.0	  2.7
53547.000000	 666.	  941.9	 21.8	 50.8	  44.0	  2.5
53548.000000	 664.	  942.1	 21.7	 50.7	  35.0	  2.3
53549.000000	 665.	  942.0	 21.8	 50.5	  33.0	  2.3
53552.000000	 662.	  942.3	 21.9	 50.1	  37.0	  2.3
53553.000000	 663.	  942.3	 22.0	 50.2	  32.0	  2.2
53554.000000	 661.	  942.4	 21.9	 50.0	  36.0	  2.3
53555.000000	 659.	  942.6	 21.9	 50.0	  43.0	  2.5
53556.000000	 660.	  942.6	 21.9	 49.9	  48.0	  2.7
53557.000000	 658.	  942.8	 21.9	 50.1	  50.0	  2.7
53558.000000	 660.	  942.6	 22.0	 50.2	  50.0	  2.8
53559.000000	 660.	  942.5	 21.9	 50.2	  46.0	  2.8
53560.000000	 658.	  942.7	 21.9	 50.3	  49.0	  2.8
53562.000000	 661.	  942.5	 22.0	 50.5	  56.0	  3.2
53563.000000	 658.	  942.7	 22.0	 50.5	  59.0	  3.2
53564.000000	 660.	  942.5	 21.9	 50.6	  57.0	  3.2
53565.000000	 660.	  942.6	 21.9	 50.7	  61.0	  3.6
53566.000000	 659.	  942.7	 22.0	 50.9	  48.0	  3.6
53568.000000	 659.	  942.7	 21.9	 50.7	  42.0	  3.6
53569.000000	 658.	  942.8	 21.9	 50.8	  44.0	  3.8
53570.000000	 660.	  942.6	 21.9	 50.8	  49.0	  3.9
53572.000000	 658.	  942.7	 21.9	 50.8	  46.0	  3.7
53573.000000	 661.	  942.5	 21.9	 51.1	  31.0	  3.8
53574.000000	 658.	  942.8	 21.9	 51.0	  26.0	  3.8
53576.000000	 659.	  942.6	 21.9	 50.3	  39.0	  3.5
53577.000000	 660.	  942.5	 21.9	 50.0	  34.0	  3.5
53578.000000	 663.	  942.3	 21.9	 50.0	  37.0	  3.5
53579.000000	 662.	  942.4	 21.9	 50.2	  41.0	  3.4
53580.000000	 661.	  942.5	 21.9	 50.4	  46.0	  3.5
53582.000000	 661.	  942.5	 21.9	 51.3	  20.0	  3.6
53583.000000	 660.	  942.5	 22.0	 51.1	  14.0	  3.6
53585.000000	 661.	  942.5	 21.9	 51.2	  47.0	  3.9
53586.000000	 661.	  942.5	 21.8	 51.0	  29.0	  3.8
53587.000000	 659.	  942.6	 22.0	 50.9	  21.0	  3.5
53590.000000	 658.	  942.8	 21.9	 50.8	  37.0	  3.5
53591.000000	 658.	  942.7	 21.9	 51.0	  32.0	  4.1
53593.000000	 658.	  942.8	 21.9	 51.6	  15.0	  5.3
53594.000000	 658.	  942.8	 21.9	 51.3	  22.0	  5.8
53595.000000	 657.	  942.9	 21.9	 51.3	  30.0	  5.9
53596.000000	 659.	  942.7	 21.9	 51.5	  33.0	  5.5
53597.000000	 658.	  942.8	 21.9	 51.5	  22.0	  5.3
53597.000000	 656.	  943.0	 21.9	 51.3	  20.0	  5.3
53599.000000	 656.	  943.0	 21.9	 51.7	  26.0	  5.3
53600.000000	 656.	  942.9	 22.0	 51.8	  29.0	  4.7
53602.000000	 654.	  943.2	 21.9	 51.8	  19.0	  4.4
53603.000000	 652.	  943.4	 22.0	 51.5	  17.0	  4.3
53604.000000	 651.	  943.5	 22.0	 51.6	  18.0	  4.1
53605.000000	 652.	  943.4	 21.9	 51.7	  26.0	  3.9
53607.000000	 650.	  943.6	 22.0	 51.7	   8.0	  3.6
53607.000000	 651.	  943.5	 22.0	 51.5	  13.0	  3.8
53609.000000	 650.	  943.7	 22.0	 51.5	  18.0	  3.9
53610.000000	 649.	  943.8	 22.1	 51.5	  15.0	  4.2
53611.000000	 647.	  944.0	 22.1	 51.4	   4.0	  4.3
53613.000000	 646.	  944.1	 22.1	 51.7	  17.0	  4.6
53614.000000	 644.	  944.3	 22.1	 51.6	  19.0	  4.6
53614.000000	 642.	  944.5	 22.0	 51.4	  19.0	  4.9
53615.000000	 640.	  944.7	 22.1	 51.6	  11.0	  4.7
53617.000000	 638.	  944.9	 22.0	 51.0	  28.0	  4.3
53618.000000	 637.	  945.0	 22.1	 50.8	  33.0	  4.3
53620.000000	 633.	  945.5	 22.2	 51.7	  45.0	  4.3
53621.000000	 636.	  945.2	 22.1	 51.8	  50.0	  4.2
53622.000000	 635.	  945.3	 22.2	 52.1	  42.0	  4.5
53623.000000	 636.	  945.1	 22.2	 51.9	  38.0	  4.7
53624.000000	 634.	  945.3	 22.1	 52.2	  32.0	  5.1
53625.000000	 636.	  945.2	 22.1	 51.6	  47.0	  5.3
53626.000000	 637.	  945.0	 22.2	 51.9	  42.0	  5.4
53627.000000	 636.	  945.2	 22.3	 52.6	  39.0	  5.3
53628.000000	 637.	  945.0	 22.4	 52.9	  28.0	  6.0
53629.000000	 636.	  945.1	 22.3	 52.3	  42.0	  6.0
53631.000000	 637.	  945.0	 22.2	 52.9	  34.0	  6.2
53633.000000	 637.	  945.0	 22.2	 52.0	  33.0	  6.7
53634.000000	 636.	  945.2	 22.2	 52.5	  36.0	  6.2
53635.000000	 634.	  945.4	 22.4	 52.9	  31.0	  5.9
53636.000000	 635.	  945.3	 22.2	 53.1	  48.0	  5.5
53637.000000	 635.	  945.3	 22.4	 52.7	  69.0	  5.0
53638.000000	 635.	  945.3	 22.1	 52.5	  52.0	  4.1
53639.000000	 635.	  945.3	 22.3	 52.8	  29.0	  3.6
53646.000000	 626.	  946.3	 22.5	 51.8	  33.0	  4.4
53648.000000	 623.	  946.5	 22.8	 53.7	  53.0	  4.0
53649.000000	 620.	  946.8	 22.9	 53.7	  40.0	  4.2
53650.000000	 623.	  946.6	 22.7	 52.7	  39.0	  4.3
53651.000000	 619.	  947.0	 22.5	 52.8	  35.0	  4.2
53652.000000	 618.	  947.1	 22.0	 50.1	  57.0	  4.2
53653.000000	 616.	  947.4	 22.2	 50.3	  59.0	  4.3
53654.000000	 619.	  947.0	 22.3	 50.1	  54.0	  4.2
53655.000000	 618.	  947.1	 22.3	 50.5	  49.0	  4.4
53659.000000	 616.	  947.3	 22.3	 50.8	  44.0	  4.2
53664.000000	 615.	  947.4	 22.3	 51.0	  52.0	  5.0
53665.000000	 611.	  947.9	 22.3	 50.8	  49.0	  5.0
53666.000000	 612.	  947.7	 22.3	 51.0	  55.0	  4.8
53667.000000	 612.	  947.7	 22.3	 51.1	  54.0	  4.6
53668.000000	 615.	  947.4	 22.4	 51.2	  48.0	  4.2
53669.000000	 615.	  947.5	 22.4	 51.0	  43.0	  4.0
53671.000000	 613.	  947.6	 22.3	 51.2	  67.0	  4.4
53672.000000	 613.	  947.6	 22.3	 51.1	  58.0	  4.4
53673.000000	 614.	  947.6	 22.3	 51.2	  51.0	  4.6
53677.000000	 612.	  947.7	 22.3	 51.0	  57.0	  3.9
53678.000000	 612.	  947.7	 22.3	 50.7	  56.0	  3.9
53680.000000	 613.	  947.6	 22.4	 50.6	  48.0	  3.5
53681.000000	 614.	  947.6	 22.3	 50.8	  50.0	  3.6
53682.000000	 612.	  947.7	 22.3	 50.4	  50.0	  3.8
53683.000000	 611.	  947.9	 22.3	 50.3	  47.0	  3.9
53685.000000	 614.	  947.5	 22.5	 50.9	  38.0	  4.7
53686.000000	 610.	  947.9	 22.4	 50.6	  39.0	  4.6
53688.000000	 612.	  947.8	 22.5	 50.9	  41.0	  4.2
53692.000000	 613.	  947.6	 22.9	 56.1	  39.0	  4.8
53693.000000	 613.	  947.6	 22.9	 53.1	  21.0	  4.8
53694.000000	 613.	  947.6	 23.0	 52.7	  16.0	  4.8
53696.000000	 614.	  947.6	 23.0	 52.5	  34.0	  5.6
53701.000000	 65535	 65535	 65535	 65535	 65535	 65535
53703.000000	 65535	 65535	 65535	 65535	 65535	 65535
53704.000000	 65535	 65535	 65535	 65535	 65535	 65535
53705.000000	 65535	 65535	 65535	 65535	 65535	 65535
53708.000000	 65535	 65535	 65535	 65535	 65535	 65535
53710.000000	 65535	 65535	 65535	 65535	 65535	 65535
53711.000000	 65535	 65535	 65535	 65535	 65535	 65535
53712.000000	 65535	 65535	 65535	 65535	 65535	 65535
53714.000000	 65535	 65535	 65535	 65535	 65535	 65535
53717.000000	 65535	 65535	 65535	 65535	 65535	 65535
53718.000000	 65535	 65535	 65535	 65535	 65535	 65535
53719.000000	 65535	 65535	 65535	 65535	 65535	 65535
53720.000000	 65535	 65535	 65535	 65535	 65535	 65535
53721.000000	 65535	 65535	 65535	 65535	 65535	 65535
53722.000000	 65535	 65535	 65535	 65535	 65535	 65535
53725.000000	 65535	 65535	 65535	 65535	 65535	 65535
53726.000000	 65535	 65535	 65535	 65535	 65535	 65535
53730.000000	 65535	 65535	 65535	 65535	 65535	 65535
53731.000000	 65535	 65535	 65535	 65535	 65535	 65535
53732.000000	 65535	 65535	 65535	 65535	 65535	 65535
53733.000000	 65535	 65535	 65535	 65535	 65535	 65535
53738.000000	 65535	 65535	 65535	 65535	 65535	 65535
53739.000000	 65535	 65535	 65535	 65535	 65535	 65535
53742.000000	 65535	 65535	 65535	 65535	 65535	 65535
53743.000000	 65535	 65535	 65535	 65535	 65535	 65535
53744.000000	 65535	 65535	 65535	 65535	 65535	 65535
53745.000000	 65535	 65535	 65535	 65535	 65535	 65535
53746.000000	 65535	 65535	 65535	 65535	 65535	 65535
53747.000000	 65535	 65535	 65535	 65535	 65535	 65535
53748.000000	 65535	 65535	 65535	 65535	 65535	 65535
53750.000000	 65535	 65535	 65535	 65535	 65535	 65535
53751.000000	 65535	 65535	 65535	 65535	 65535	 65535
53752.000000	 65535	 65535	 65535	 65535	 65535	 65535
53754.000000	 65535	 65535	 65535	 65535	 65535	 65535
53755.000000	 65535	 65535	 65535	 65535	 65535	 65535
53756.000000	 65535	 65535	 65535	 65535	 65535	 65535
53758.000000	 65535	 65535	 65535	 65535	 65535	 65535
53759.000000	 65535	 65535	 65535	 65535	 65535	 65535
53760.000000	 65535	 65535	 65535	 65535	 65535	 65535
53763.000000	 65535	 65535	 65535	 65535	 65535	 65535
53764.000000	 65535	 65535	 65535	 65535	 65535	 65535
53765.000000	 65535	 65535	 65535	 65535	 65535	 65535
53767.000000	 65535	 65535	 65535	 65535	 65535	 65535
53768.000000	 65535	 65535	 65535	 65535	 65535	 65535
53769.000000	 65535	 65535	 65535	 65535	 65535	 65535
53770.000000	 65535	 65535	 65535	 65535	 65535	 65535
53771.000000	 65535	 65535	 65535	 65535	 65535	 65535
53773.000000	 65535	 65535	 65535	 65535	 65535	 65535
53774.000000	 65535	 65535	 65535	 65535	 65535	 65535
53776.000000	 65535	 65535	 65535	 65535	 65535	 65535
53777.000000	 65535	 65535	 65535	 65535	 65535	 65535
53779.000000	 65535	 65535	 65535	 65535	 65535	 65535
53781.000000	 65535	 65535	 65535	 65535	 65535	 65535
53782.000000	 65535	 65535	 65535	 65535	 65535	 65535
53783.000000	 65535	 65535	 65535	 65535	 65535	 65535
53785.000000	 65535	 65535	 65535	 65535	 65535	 65535
53789.000000	 65535	 65535	 65535	 65535	 65535	 65535
53790.000000	 65535	 65535	 65535	 65535	 65535	 65535
53791.000000	 65535	 65535	 65535	 65535	 65535	 65535
53792.000000	 65535	 65535	 65535	 65535	 65535	 65535
53793.000000	 65535	 65535	 65535	 65535	 65535	 65535
53794.000000	 65535	 65535	 65535	 65535	 65535	 65535
53795.000000	 65535	 65535	 65535	 65535	 65535	 65535
53799.000000	 65535	 65535	 65535	 65535	 65535	 65535
53800.000000	 65535	 65535	 65535	 65535	 65535	 65535
53801.000000	 65535	 65535	 65535	 65535	 65535	 65535
53802.000000	 65535	 65535	 65535	 65535	 65535	 65535
53803.000000	 65535	 65535	 65535	 65535	 65535	 65535
53804.000000	 65535	 65535	 65535	 65535	 65535	 65535
53805.000000	 65535	 65535	 65535	 65535	 65535	 65535
53807.000000	 65535	 65535	 65535	 65535	 65535	 65535
53808.000000	 65535	 65535	 65535	 65535	 65535	 65535
53809.000000	 65535	 65535	 65535	 65535	 65535	 65535
53810.000000	 65535	 65535	 65535	 65535	 65535	 65535
53811.000000	 65535	 65535	 65535	 65535	 65535	 65535
53813.000000	 65535	 65535	 65535	 65535	 65535	 65535
53814.000000	 65535	 65535	 65535	 65535	 65535	 65535
53815.000000	 65535	 65535	 65535	 65535	 65535	 65535
53816.000000	 65535	 65535	 65535	 65535	 65535	 65535
53817.000000	 65535	 65535	 65535	 65535	 65535	 65535
53822.000000	 65535	 65535	 65535	 65535	 65535	 65535
53823.000000	 65535	 65535	 65535	 65535	 65535	 65535
53824.000000	 65535	 65535	 65535	 65535	 65535	 65535
53825.000000	 65535	 65535	 65535	 65535	 65535	 65535
53826.000000	 65535	 65535	 65535	 65535	 65535	 65535
53827.000000	 65535	 65535	 65535	 65535	 65535	 65535
53828.000000	 65535	 65535	 65535	 65535	 65535	 65535
53830.000000	 65535	 65535	 65535	 65535	 65535	 65535
53831.000000	 65535	 65535	 65535	 65535	 65535	 65535
53833.000000	 65535	 65535	 65535	 65535	 65535	 65535
53835.000000	 65535	 65535	 65535	 65535	 65535	 65535
53837.000000	 65535	 65535	 65535	 65535	 65535	 65535
53838.000000	 65535	 65535	 65535	 65535	 65535	 65535
53839.000000	 65535	 65535	 65535	 65535	 65535	 65535
53840.000000	 65535	 65535	 65535	 65535	 65535	 65535
53841.000000	 65535	 65535	 65535	 65535	 65535	 65535
53842.000000	 65535	 65535	 65535	 65535	 65535	 65535
53846.000000	 65535	 65535	 65535	 65535	 65535	 65535
53847.000000	 65535	 65535	 65535	 65535	 65535	 65535
53848.000000	 65535	 65535	 65535	 65535	 65535	 65535
53849.000000	 65535	 65535	 65535	 65535	 65535	 65535
53850.000000	 65535	 65535	 65535	 65535	 65535	 65535
53851.000000	 65535	 65535	 65535	 65535	 65535	 65535
53852.000000	 65535	 65535	 65535	 65535	 65535	 65535
53853.000000	 65535	 65535	 65535	 65535	 65535	 65535
53854.000000	 65535	 65535	 65535	 65535	 65535	 65535
53855.000000	 65535	 65535	 65535	 65535	 65535	 65535
53856.000000	 65535	 65535	 65535	 65535	 65535	 65535
53858.000000	 65535	 65535	 65535	 65535	 65535	 65535
53861.000000	 65535	 65535	 65535	 65535	 65535	 65535
53862.000000	 65535	 65535	 65535	 65535	 65535	 65535
53863.000000	 65535	 65535	 65535	 65535	 65535	 65535
53864.000000	 65535	 65535	 65535	 65535	 65535	 65535
53865.000000	 65535	 65535	 65535	 65535	 65535	 65535
53866.000000	 65535	 65535	 65535	 65535	 65535	 65535
53867.000000	 65535	 65535	 65535	 65535	 65535	 65535
53869.000000	 65535	 65535	 65535	 65535	 65535	 65535
53871.000000	 65535	 65535	 65535	 65535	 65535	 65535
53873.000000	 65535	 65535	 65535	 65535	 65535	 65535
53874.000000	 65535	 65535	 65535	 65535	 65535	 65535
53875.000000	 65535	 65535	 65535	 65535	 65535	 65535
53876.000000	 65535	 65535	 65535	 65535	 65535	 65535
53878.000000	 65535	 65535	 65535	 65535	 65535	 65535
53879.000000	 65535	 65535	 65535	 65535	 65535	 65535
53882.000000	 65535	 65535	 65535	 65535	 65535	 65535
53884.000000	 65535	 65535	 65535	 65535	 65535	 65535
53885.000000	 65535	 65535	 65535	 65535	 65535	 65535
53888.000000	 65535	 65535	 65535	 65535	 65535	 65535
53889.000000	 65535	 65535	 65535	 65535	 65535	 65535
53890.000000	 65535	 65535	 65535	 65535	 65535	 65535
53891.000000	 65535	 65535	 65535	 65535	 65535	 65535
53892.000000	 65535	 65535	 65535	 65535	 65535	 65535
53893.000000	 65535	 65535	 65535	 65535	 65535	 65535
53894.000000	 65535	 65535	 65535	 65535	 65535	 65535
53895.000000	 65535	 65535	 65535	 65535	 65535	 65535
53896.000000	 65535	 65535	 65535	 65535	 65535	 65535
53897.000000	 65535	 65535	 65535	 65535	 65535	 65535
53900.000000	 65535	 65535	 65535	 65535	 65535	 65535
53901.000000	 65535	 65535	 65535	 65535	 65535	 65535
53902.000000	 65535	 65535	 65535	 65535	 65535	 65535
53903.000000	 65535	 65535	 65535	 65535	 65535	 65535
53904.000000	 65535	 65535	 65535	 65535	 65535	 65535
53905.000000	 65535	 65535	 65535	 65535	 65535	 65535
53909.000000	 65535	 65535	 65535	 65535	 65535	 65535
53910.000000	 65535	 65535	 65535	 65535	 65535	 65535
53911.000000	 65535	 65535	 65535	 65535	 65535	 65535
53912.000000	 65535	 65535	 65535	 65535	 65535	 65535
53914.000000	 65535	 65535	 65535	 65535	 65535	 65535
53915.000000	 65535	 65535	 65535	 65535	 65535	 65535
53916.000000	 65535	 65535	 65535	 65535	 65535	 65535
53918.000000	 65535	 65535	 65535	 65535	 65535	 65535
53919.000000	 65535	 65535	 65535	 65535	 65535	 65535
53921.000000	 65535	 65535	 65535	 65535	 65535	 65535
53922.000000	 65535	 65535	 65535	 65535	 65535	 65535
53923.000000	 65535	 65535	 65535	 65535	 65535	 65535
53924.000000	 65535	 65535	 65535	 65535	 65535	 65535
53925.000000	 65535	 65535	 65535	 65535	 65535	 65535
53928.000000	 65535	 65535	 65535	 65535	 65535	 65535
53930.000000	 65535	 65535	 65535	 65535	 65535	 65535
53931.000000	 65535	 65535	 65535	 65535	 65535	 65535
53932.000000	 65535	 65535	 65535	 65535	 65535	 65535
53933.000000	 65535	 65535	 65535	 65535	 65535	 65535
53934.000000	 65535	 65535	 65535	 65535	 65535	 65535
53935.000000	 65535	 65535	 65535	 65535	 65535	 65535
53936.000000	 65535	 65535	 65535	 65535	 65535	 65535
53938.000000	 65535	 65535	 65535	 65535	 65535	 65535
53939.000000	 65535	 65535	 65535	 65535	 65535	 65535
53941.000000	 65535	 65535	 65535	 65535	 65535	 65535
53942.000000	 65535	 65535	 65535	 65535	 65535	 65535
53943.000000	 65535	 65535	 65535	 65535	 65535	 65535
53944.000000	 65535	 65535	 65535	 65535	 65535	 65535
53945.000000	 65535	 65535	 65535	 65535	 65535	 65535
53946.000000	 65535	 65535	 65535	 65535	 65535	 65535
53947.000000	 65535	 65535	 65535	 65535	 65535	 65535
53948.000000	 65535	 65535	 65535	 65535	 65535	 65535
53950.000000	 65535	 65535	 65535	 65535	 65535	 65535
53951.000000	 65535	 65535	 65535	 65535	 65535	 65535
53955.000000	 65535	 65535	 65535	 65535	 65535	 65535
53956.000000	 65535	 65535	 65535	 65535	 65535	 65535
53958.000000	 65535	 65535	 65535	 65535	 65535	 65535
53959.000000	 65535	 65535	 65535	 65535	 65535	 65535
53961.000000	 65535	 65535	 65535	 65535	 65535	 65535
53962.000000	 65535	 65535	 65535	 65535	 65535	 65535
53963.000000	 65535	 65535	 65535	 65535	 65535	 65535
53964.000000	 65535	 65535	 65535	 65535	 65535	 65535
53965.000000	 65535	 65535	 65535	 65535	 65535	 65535
53966.000000	 65535	 65535	 65535	 65535	 65535	 65535
53968.000000	 65535	 65535	 65535	 65535	 65535	 65535
53969.000000	 65535	 65535	 65535	 65535	 65535	 65535
53970.000000	 65535	 65535	 65535	 65535	 65535	 65535
53973.000000	 65535	 65535	 65535	 65535	 65535	 65535
53974.000000	 65535	 65535	 65535	 65535	 65535	 65535
53975.000000	 65535	 65535	 65535	 65535	 65535	 65535
53976.000000	 65535	 65535	 65535	 65535	 65535	 65535
