NaN,NaN,NaN,0,NaN,NaN,NaN,NaN,0,NaN,NaN,NaN,NaN,5,-1.67,4.04,0.17,NaN,NaN,0,NaN,NaN,NaN,NaN,NaN,1,2.45,0.52,0.3,NaN,5,1.29,5,0.63,NaN,NaN,NaN,NaN,NaN,NaN,NaN,NaN,NaN,NaN,NaN,NaN,NaN,NaN,NaN,NaN,NaN,84700000,NaN,0,NaN,0
NaN,NaN,NaN,2,2.08,0.7,0.04,NaN,4,0.46,3.68,0.24,NaN,5,1.84,3.6,0.11,NaN,NaN,1,1.1,0.79,0.41,NaN,NaN,1,0.65,0.86,0.42,NaN,2,1,2.9,0.45,NaN,NaN,NaN,NaN,NaN,NaN,NaN,NaN,NaN,NaN,NaN,NaN,NaN,NaN,NaN,NaN,NaN,115000,NaN,0,NaN,0
NaN,NaN,NaN,0,NaN,NaN,NaN,NaN,4,0.64,6.65,0.4,-0.35,10,-0.35,6.57,0.19,NaN,NaN,0,NaN,NaN,NaN,NaN,0.48,10,0.48,1.61,0.65,NaN,2,0.84,2.39,0.4,NaN,NaN,NaN,NaN,-0.11,NaN,NaN,NaN,NaN,NaN,NaN,NaN,NaN,NaN,NaN,NaN,NaN,7830,NaN,0,NaN,0
NaN,NaN,NaN,2,-2.01,1.21,0.06,NaN,4,0.78,7.24,0.44,0.23,10,0.23,4.99,0.16,NaN,NaN,1,1.92,0.73,0.38,NaN,0.91,10,0.91,1.95,0.74,NaN,2,1.56,2.14,0.39,NaN,NaN,NaN,NaN,-0.06,NaN,NaN,NaN,0.7,NaN,NaN,NaN,NaN,NaN,NaN,NaN,NaN,1980,NaN,0,NaN,0
NaN,NaN,NaN,2,-2.9,1.43,0.07,NaN,4,0.77,7.48,0.47,0.09,10,0.09,10.64,0.19,NaN,NaN,1,1.28,0.71,0.37,NaN,0.62,10,0.62,1.36,0.58,NaN,2,1.08,1.84,0.38,NaN,NaN,NaN,NaN,-0.02,NaN,NaN,NaN,0.65,NaN,NaN,NaN,NaN,NaN,NaN,NaN,NaN,1070,2400000,0,NaN,0
NaN,NaN,NaN,2,-2.8,1.78,0.08,NaN,4,0.46,7.05,0.52,0.03,10,0.03,11.6,0.21,NaN,NaN,1,0.57,0.86,0.43,NaN,0.42,10,0.42,1.62,0.65,NaN,2,1.1,1.66,0.35,2.93,43.6,-2.92,0.28,0.01,NaN,NaN,NaN,0.61,NaN,0.028,197,NaN,NaN,NaN,NaN,NaN,615,NaN,0,NaN,0
2.61,41.9,-2.6,10,-2.6,2.25,0.11,0.18,10,0.18,7.43,0.63,-0.13,10,-0.13,11.09,0.2,NaN,NaN,2,1.86,1.03,0.47,NaN,0.72,10,0.72,2.19,0.8,NaN,2,1.15,2.17,0.41,2.81,44.8,-2.79,0.33,0.04,NaN,NaN,NaN,0.57,NaN,0.024,196.4,NaN,NaN,NaN,NaN,NaN,427,2240000,0,NaN,0
2.86,35.3,-2.85,10,-2.85,2.27,0.11,-0.14,10,-0.14,6.79,0.64,-0.1,10,-0.1,10.68,0.18,NaN,NaN,1,0.69,0.72,0.38,NaN,0.61,10,0.61,2.05,0.76,NaN,2,1.42,2.34,0.43,2.72,45.8,-2.7,0.37,0.06,NaN,NaN,NaN,0.55,NaN,0.02,195.5,NaN,NaN,NaN,NaN,NaN,363,NaN,0,NaN,0
2.78,36.4,-2.78,10,-2.78,2.29,0.12,-0.08,10,-0.08,6.79,0.64,-0.05,10,-0.05,9.78,0.16,NaN,NaN,1,2.42,0.74,0.38,NaN,0.57,10,0.57,1.85,0.71,NaN,2,1.19,2.56,0.44,NaN,NaN,NaN,NaN,0.08,NaN,NaN,NaN,0.53,NaN,NaN,NaN,NaN,NaN,NaN,NaN,NaN,262,NaN,0,NaN,0
1.23,37.4,-1.23,10,-1.23,3.39,0.22,-0.01,10,-0.01,6.36,0.6,0.12,10,0.12,9.56,0.16,NaN,NaN,1,2.17,0.89,0.44,NaN,0.59,10,0.59,2.5,0.87,NaN,2,1.89,1.81,0.34,NaN,NaN,NaN,NaN,0.09,NaN,NaN,NaN,0.52,NaN,NaN,NaN,NaN,NaN,NaN,NaN,NaN,175,NaN,0,NaN,256
NaN,NaN,NaN,0,NaN,NaN,NaN,NaN,4,0.25,6.7,0.6,0.02,10,0.02,9.87,0.16,NaN,NaN,0,NaN,NaN,NaN,NaN,0.47,10,0.47,1.64,0.66,NaN,2,1.92,2.15,0.42,NaN,NaN,NaN,NaN,0.1,NaN,NaN,NaN,0.51,NaN,NaN,NaN,NaN,NaN,NaN,NaN,NaN,154,2650000,0,NaN,0
NaN,NaN,NaN,0,NaN,NaN,NaN,NaN,4,0.47,9.09,0.59,0.04,10,0.04,14.27,0.17,NaN,NaN,0,NaN,NaN,NaN,NaN,0.45,10,0.45,1.96,0.74,NaN,2,0.92,2.49,0.44,NaN,NaN,NaN,NaN,0.1,NaN,NaN,NaN,0.51,NaN,NaN,NaN,NaN,NaN,NaN,NaN,NaN,155,3590000,0,NaN,0
1.43,55.6,-1.36,10,-1.36,4.05,0.32,0.43,10,0.43,9.04,0.56,0.02,10,0.02,14.85,0.18,NaN,NaN,5,0.36,1.12,0.5,NaN,0.56,10,0.56,1.44,0.61,NaN,2,1.13,1.57,0.32,NaN,NaN,NaN,NaN,0.11,NaN,NaN,NaN,0.52,NaN,NaN,NaN,NaN,NaN,NaN,NaN,NaN,125,3770000,0,NaN,256
2.52,46.2,-2.49,10,-2.49,2.98,0.23,0.36,10,0.36,9.84,0.58,0.02,10,0.02,14.94,0.18,NaN,NaN,5,1.5,1.24,0.56,NaN,0.49,10,0.49,1.95,0.74,NaN,2,1.09,1.92,0.37,NaN,NaN,NaN,NaN,0.11,NaN,NaN,NaN,0.52,NaN,NaN,NaN,NaN,NaN,NaN,NaN,NaN,89,NaN,0,NaN,256
3.02,45.8,-2.99,10,-2.99,2.47,0.18,0.41,10,0.41,9.97,0.57,0.05,10,0.05,14.76,0.18,NaN,NaN,1,1.91,0.52,0.3,NaN,0.43,10,0.43,1.22,0.54,NaN,2,1.38,1.99,0.39,NaN,NaN,NaN,NaN,0.11,NaN,NaN,NaN,0.53,NaN,NaN,NaN,NaN,NaN,NaN,NaN,NaN,49.5,NaN,0,NaN,256
4.22,42.9,-4.2,10,-4.2,1.89,0.14,0.36,10,0.36,10.19,0.56,0.04,10,0.04,14.64,0.17,NaN,NaN,2,1.6,1.04,0.49,NaN,0.5,10,0.5,2.02,0.75,NaN,2,2.45,2.19,0.41,2.91,47.4,-2.87,0.47,0.12,NaN,NaN,NaN,0.54,NaN,0.016,44.2,NaN,NaN,NaN,NaN,NaN,35.2,NaN,0,NaN,256
3.63,44.9,-3.6,10,-3.6,2.59,0.18,0.44,10,0.44,9.73,0.53,0.07,10,0.07,13.03,0.16,NaN,NaN,1,0.52,0.58,0.33,NaN,0.55,10,0.55,1.71,0.67,NaN,2,2.51,2.16,0.39,2.99,47.3,-2.95,0.48,0.12,NaN,NaN,NaN,0.55,NaN,0.017,44.7,NaN,NaN,NaN,NaN,NaN,30.3,NaN,0,NaN,0
2.97,46.4,-2.94,10,-2.94,3.16,0.19,0.43,10,0.43,9.82,0.53,0.08,10,0.08,12.62,0.15,NaN,NaN,1,1.01,0.88,0.45,NaN,0.45,10,0.45,1.9,0.72,NaN,2,2.72,1.94,0.36,3.07,47.3,-3.03,0.49,0.12,NaN,NaN,NaN,0.56,NaN,0.017,45.9,NaN,NaN,NaN,NaN,NaN,29.3,NaN,0,NaN,0
3.31,48.4,-3.25,10,-3.25,3.68,0.23,0.6,10,0.6,9.42,0.5,0.11,10,0.11,12.61,0.15,NaN,NaN,1,0.42,0.89,0.44,NaN,0.55,10,0.55,1.67,0.66,NaN,2,1.35,2.72,0.45,3.16,47.2,-3.12,0.51,0.12,NaN,NaN,NaN,0.57,NaN,0.018,47.4,NaN,NaN,NaN,NaN,NaN,20.5,NaN,0,NaN,0
3.21,49.6,-3.15,10,-3.15,3.9,0.24,0.65,10,0.65,9.17,0.49,0.16,10,0.16,12.98,0.15,NaN,NaN,1,0.32,0.89,0.44,NaN,0.56,10,0.56,1.65,0.66,NaN,2,0.93,2.68,0.46,3.25,47.3,-3.21,0.52,0.12,NaN,NaN,NaN,0.57,NaN,0.018,49.2,NaN,NaN,NaN,NaN,NaN,23.3,NaN,0,NaN,0
3.81,47.7,-3.76,10,-3.76,4.1,0.24,0.64,10,0.64,9.23,0.48,0.12,10,0.12,13.17,0.16,NaN,0.5,10,0.5,1.09,0.51,NaN,0.69,10,0.69,1.6,0.65,NaN,2,2.2,2.31,0.41,3.34,47.3,-3.29,0.54,0.13,NaN,NaN,NaN,NaN,NaN,0.017,51.1,NaN,NaN,NaN,NaN,NaN,19.8,NaN,0,NaN,0
3.77,47.6,-3.72,10,-3.72,3.79,0.22,0.63,10,0.63,9.29,0.48,0.1,10,0.1,13.29,0.16,NaN,NaN,1,0.44,0.85,0.43,NaN,0.5,10,0.5,1.55,0.63,NaN,5,1.2,3.15,0.51,3.42,47.5,-3.37,0.56,0.13,NaN,NaN,NaN,NaN,NaN,0.016,53.2,NaN,NaN,NaN,NaN,NaN,18.2,NaN,0,NaN,0
3.72,49.7,-3.65,10,-3.65,3.66,0.21,0.75,10,0.75,9.13,0.46,0.09,10,0.09,13.58,0.16,NaN,NaN,1,0.35,0.89,0.44,NaN,0.46,10,0.46,1.91,0.73,NaN,2,1.42,2.89,0.48,3.5,47.6,-3.45,0.58,0.14,NaN,NaN,NaN,NaN,NaN,0.016,55.4,NaN,NaN,NaN,NaN,NaN,18.3,NaN,0,NaN,0
3.54,51,-3.45,10,-3.45,3.48,0.21,0.79,10,0.79,8.83,0.43,0.1,10,0.1,13.35,0.16,NaN,NaN,1,1.41,0.82,0.42,NaN,NaN,5,0.75,1.77,0.69,NaN,2,2.5,2.38,0.41,3.57,47.8,-3.52,0.61,0.14,NaN,NaN,NaN,NaN,NaN,0.014,57.7,NaN,NaN,NaN,NaN,NaN,19.3,NaN,0,NaN,0
3.85,48.8,-3.78,10,-3.78,3.31,0.19,0.72,10,0.72,8.28,0.39,0.1,10,0.1,12.99,0.15,NaN,NaN,1,1.15,0.99,0.47,NaN,NaN,5,0.61,1.61,0.65,NaN,2,2.48,2.08,0.36,3.64,48,-3.59,0.63,0.15,NaN,NaN,NaN,NaN,NaN,0.013,59.9,NaN,NaN,NaN,NaN,NaN,17.7,NaN,0,NaN,0
3.52,50,-3.44,10,-3.44,3.57,0.21,0.73,10,0.73,7.59,0.33,0.13,10,0.13,12.65,0.14,NaN,NaN,1,1.42,0.64,0.35,NaN,NaN,5,0.6,1.44,0.6,NaN,2,2.49,2.53,0.42,3.7,48.2,-3.64,0.66,0.16,NaN,NaN,NaN,NaN,NaN,0.012,61.9,NaN,NaN,NaN,NaN,NaN,16.9,NaN,0,NaN,0
3.87,48.8,-3.8,10,-3.8,3.89,0.22,0.72,10,0.72,6.81,0.28,0.18,10,0.18,12.93,0.15,NaN,NaN,1,0.87,0.77,0.4,NaN,NaN,2,0.87,1.07,0.5,NaN,2,2.38,2.28,0.39,3.76,48.4,-3.69,0.68,0.16,NaN,NaN,NaN,NaN,NaN,0.01,63.3,NaN,NaN,NaN,NaN,NaN,17.5,NaN,0,NaN,0
4.2,48.8,-4.12,10,-4.12,4.17,0.22,0.79,10,0.79,6.36,0.24,0.18,10,0.18,12.38,0.14,NaN,NaN,1,0.61,0.85,0.43,NaN,NaN,5,0.77,1.36,0.58,NaN,2,2.53,2.5,0.41,3.8,48.6,-3.74,0.7,0.17,NaN,NaN,NaN,NaN,NaN,0.008,63.5,NaN,NaN,NaN,NaN,NaN,15.7,NaN,0,NaN,0
4.39,49.5,-4.31,10,-4.31,4.34,0.21,0.87,10,0.87,5.86,0.21,0.21,10,0.21,12.12,0.13,NaN,NaN,1,0.74,0.89,0.44,NaN,NaN,5,0.79,1.22,0.54,NaN,2,2.37,2.5,0.4,3.84,48.8,-3.77,0.72,0.18,NaN,NaN,NaN,NaN,NaN,0.007,61.3,NaN,NaN,NaN,NaN,NaN,14.9,NaN,0,NaN,0
4.4,52.3,-4.26,10,-4.26,4.65,0.21,1.09,10,1.09,5.98,0.22,0.22,10,0.22,11.71,0.13,NaN,NaN,1,0.54,0.92,0.45,NaN,NaN,5,0.74,1.26,0.55,NaN,2,2.5,2.44,0.4,3.87,48.8,-3.8,0.73,0.18,NaN,NaN,NaN,NaN,NaN,0.005,53.2,NaN,NaN,NaN,NaN,NaN,14.8,NaN,0,NaN,0
4.11,49.6,-4.03,10,-4.03,4.65,0.19,0.83,10,0.83,5.84,0.21,0.24,10,0.24,11.2,0.12,NaN,NaN,5,0.67,1.4,0.59,NaN,NaN,5,1.14,1.14,0.51,NaN,2,1.96,3.21,0.48,3.89,48.8,-3.82,0.73,0.19,NaN,NaN,NaN,NaN,NaN,0.003,29.4,NaN,NaN,NaN,NaN,NaN,14.8,NaN,0,NaN,0
4,48.8,-3.93,10,-3.93,4.63,0.18,0.75,10,0.75,6.02,0.22,0.21,10,0.21,10.44,0.11,NaN,NaN,2,0.8,1.08,0.5,NaN,NaN,5,0.53,1.38,0.59,NaN,2,2.5,2.34,0.39,3.9,48.7,-3.83,0.72,0.19,NaN,NaN,NaN,NaN,NaN,0.003,346.9,NaN,NaN,NaN,NaN,NaN,15.5,NaN,0,NaN,0
3.85,47.7,-3.8,10,-3.8,4.34,0.17,0.65,10,0.65,5.79,0.21,0.32,10,0.32,10.03,0.11,NaN,NaN,5,0.7,1.43,0.59,NaN,NaN,5,0.76,1.27,0.55,NaN,2,2.4,2.7,0.42,3.9,48.4,-3.84,0.7,0.19,NaN,NaN,NaN,NaN,NaN,0.005,321.1,NaN,NaN,NaN,NaN,NaN,13.7,NaN,0,NaN,0
3.71,44.4,-3.69,10,-3.69,4.07,0.16,0.42,10,0.42,5.44,0.19,NaN,2,0.27,9.41,0.1,NaN,NaN,5,1.16,1.17,0.52,NaN,NaN,5,1.34,1.5,0.62,NaN,2,2.51,2.4,0.39,3.9,47.9,-3.84,0.67,0.19,NaN,NaN,NaN,NaN,NaN,0.009,311.8,NaN,NaN,NaN,NaN,NaN,13.2,NaN,0,NaN,0
3.93,40.6,-3.93,10,-3.93,3.33,0.13,0.18,10,0.18,5.13,0.18,NaN,2,0.26,8.95,0.09,NaN,NaN,2,0.78,1.01,0.47,NaN,NaN,5,1.16,1.27,0.55,NaN,2,2.62,2.3,0.38,3.89,47.1,-3.84,0.62,0.18,NaN,NaN,NaN,NaN,NaN,0.012,308.9,NaN,NaN,NaN,NaN,NaN,13.8,NaN,0,NaN,0
4.12,40.6,-4.12,10,-4.12,2.94,0.12,0.19,10,0.19,4.69,0.16,NaN,2,0.2,8.76,0.09,NaN,NaN,1,0.74,0.75,0.39,NaN,NaN,1,1.5,0.72,0.37,NaN,2,2.45,2.62,0.42,3.88,46.1,-3.84,0.55,0.17,NaN,NaN,NaN,NaN,NaN,0.016,308.7,NaN,NaN,NaN,NaN,NaN,13.4,NaN,0,NaN,0
NaN,NaN,NaN,2,-4.4,2.39,0.09,NaN,4,-0.05,4.63,0.16,NaN,2,0.24,8.51,0.09,NaN,NaN,1,1.4,0.79,0.41,NaN,NaN,1,1.89,0.95,0.46,NaN,2,2.65,2.26,0.37,3.87,44.7,-3.85,0.45,0.16,NaN,NaN,NaN,NaN,NaN,0.021,309.5,NaN,NaN,NaN,NaN,NaN,11.7,NaN,0,NaN,0
NaN,NaN,NaN,2,-4.7,2.11,0.09,NaN,4,-0.1,4.84,0.17,NaN,2,0.13,9.09,0.1,NaN,NaN,1,1,0.94,0.45,NaN,NaN,1,0.52,0.73,0.38,NaN,2,1.29,3.11,0.47,3.86,42.9,-3.85,0.33,0.14,NaN,NaN,NaN,NaN,NaN,0.027,311,NaN,NaN,NaN,NaN,NaN,11.3,NaN,0,NaN,0
4.38,36.8,-4.38,10,-4.38,2.19,0.11,-0.09,10,-0.09,5.42,0.22,0.03,10,0.03,10.37,0.13,NaN,NaN,1,0.76,0.9,0.45,NaN,NaN,5,1.41,1.21,0.54,NaN,2,2.7,2.18,0.36,3.86,40.7,-3.86,0.18,0.11,NaN,NaN,NaN,NaN,NaN,0.033,312.7,NaN,NaN,NaN,NaN,NaN,12.6,NaN,0,NaN,0
