NaN,NaN,NaN,1,7.78,0.22,0.03,NaN,4,2.02,1.04,0.14,NaN,0,NaN,NaN,NaN,NaN,NaN,1,2.49,0.83,0.41,NaN,NaN,1,2.14,0.75,0.38,NaN,2,2.24,2.15,0.36,NaN,NaN,NaN,NaN,NaN,NaN,NaN,NaN,NaN,NaN,NaN,NaN,NaN,NaN,NaN,NaN,NaN,51500000,NaN,0,NaN,0
NaN,NaN,NaN,0,NaN,NaN,NaN,NaN,4,0.25,2.56,0.16,NaN,2,-0.9,3,0.09,NaN,NaN,1,2.22,0.89,0.44,NaN,NaN,1,1.31,0.9,0.44,NaN,2,1.29,2.11,0.37,NaN,NaN,NaN,NaN,NaN,NaN,NaN,NaN,NaN,NaN,NaN,NaN,NaN,NaN,NaN,NaN,NaN,4530,NaN,0,NaN,0
NaN,NaN,NaN,0,NaN,NaN,NaN,NaN,4,-1.18,4.64,0.22,0.2,10,0.2,4.39,0.14,NaN,NaN,1,1.62,0.58,0.33,NaN,NaN,2,1.41,1.02,0.48,NaN,5,0.68,2.95,0.5,NaN,NaN,NaN,NaN,NaN,NaN,NaN,NaN,NaN,NaN,NaN,NaN,NaN,NaN,NaN,NaN,NaN,2160,NaN,0,NaN,0
NaN,NaN,NaN,1,0.17,0.45,0.02,NaN,4,-1.84,6.21,0.27,-0.09,10,-0.09,5.1,0.17,NaN,NaN,1,1.34,0.83,0.41,NaN,0.52,10,0.52,1.99,0.75,NaN,2,1.28,1.62,0.35,NaN,NaN,NaN,NaN,NaN,NaN,NaN,NaN,NaN,NaN,NaN,NaN,NaN,NaN,NaN,NaN,NaN,681,NaN,0,NaN,0
NaN,NaN,NaN,1,0.85,0.53,0.02,NaN,4,-2.13,8.14,0.36,-0.03,10,-0.03,10.82,0.2,NaN,NaN,0,NaN,NaN,NaN,NaN,0.54,10,0.54,1.35,0.58,NaN,2,1.06,1.72,0.37,NaN,NaN,NaN,NaN,NaN,NaN,NaN,NaN,NaN,NaN,NaN,NaN,NaN,NaN,NaN,NaN,NaN,385,NaN,0,NaN,0
NaN,NaN,NaN,2,1.82,0.82,0.03,NaN,4,-2.49,8.84,0.45,-0.03,10,-0.03,12.78,0.24,NaN,NaN,1,2.15,0.68,0.37,NaN,0.53,10,0.53,1.46,0.61,NaN,2,0.86,2.01,0.4,NaN,NaN,NaN,NaN,0,NaN,NaN,NaN,NaN,NaN,NaN,NaN,NaN,NaN,NaN,NaN,NaN,224,NaN,0,NaN,0
NaN,NaN,NaN,2,2.76,1.07,0.04,NaN,4,-2.76,9.16,0.5,-0.05,10,-0.05,14.16,0.28,NaN,NaN,1,1.47,0.63,0.35,NaN,0.52,10,0.52,2.22,0.8,NaN,2,0.79,2.44,0.47,NaN,NaN,NaN,NaN,-0.03,NaN,NaN,NaN,0.51,NaN,NaN,NaN,NaN,NaN,NaN,NaN,NaN,146,NaN,0,NaN,0
NaN,NaN,NaN,2,2.67,1.3,0.06,NaN,4,-2.86,7.61,0.61,-0.06,10,-0.06,14.15,0.29,NaN,NaN,1,1.1,0.76,0.39,NaN,0.47,10,0.47,2.04,0.76,NaN,2,0.84,2.56,0.48,NaN,NaN,NaN,NaN,-0.04,NaN,NaN,NaN,0.49,NaN,NaN,NaN,NaN,NaN,NaN,NaN,NaN,107,NaN,0,NaN,0
NaN,NaN,NaN,2,2.22,1.67,0.09,NaN,4,-3.08,7.49,0.64,-0.05,10,-0.05,14.59,0.3,NaN,NaN,1,1.51,0.86,0.43,NaN,0.33,10,0.33,2.28,0.82,0.78,10,0.78,3.73,0.62,NaN,NaN,NaN,NaN,-0.05,NaN,NaN,NaN,0.48,NaN,NaN,NaN,NaN,NaN,NaN,NaN,NaN,86.9,NaN,0,NaN,0
NaN,NaN,NaN,0,NaN,NaN,NaN,NaN,4,-3.37,7.53,0.64,0.02,10,0.02,15.29,0.32,NaN,NaN,0,NaN,NaN,NaN,NaN,0.49,10,0.49,2.54,0.88,0.89,10,0.89,3.04,0.54,NaN,NaN,NaN,NaN,-0.06,NaN,NaN,NaN,0.47,NaN,NaN,NaN,NaN,NaN,NaN,NaN,NaN,83.2,NaN,0,NaN,0
NaN,NaN,NaN,0,NaN,NaN,NaN,NaN,4,-3.45,7.35,0.66,0.02,10,0.02,16.66,0.33,NaN,NaN,0,NaN,NaN,NaN,NaN,0.54,10,0.54,2.45,0.86,NaN,5,0.62,2.78,0.51,NaN,NaN,NaN,NaN,-0.06,NaN,NaN,NaN,0.46,NaN,NaN,NaN,NaN,NaN,NaN,NaN,NaN,69.9,1210000,0,NaN,0
NaN,NaN,NaN,0,NaN,NaN,NaN,NaN,4,-3.31,8.81,0.64,-0.03,10,-0.03,24.64,0.37,NaN,NaN,0,NaN,NaN,NaN,NaN,0.49,10,0.49,2.32,0.83,NaN,2,0.61,2.65,0.48,NaN,NaN,NaN,NaN,-0.05,NaN,NaN,NaN,0.46,NaN,NaN,NaN,NaN,NaN,NaN,NaN,NaN,57.2,1310000,0,NaN,0
NaN,NaN,NaN,0,NaN,NaN,NaN,NaN,4,-3.33,8.3,0.63,-0.04,10,-0.04,25.19,0.38,NaN,NaN,0,NaN,NaN,NaN,0.58,0.76,10,0.76,2.29,0.82,0.79,10,0.79,3.18,0.53,NaN,NaN,NaN,NaN,-0.04,NaN,NaN,NaN,0.46,NaN,NaN,NaN,NaN,NaN,NaN,NaN,NaN,49.5,1490000,0,NaN,0
4.38,266.8,2.89,10,2.89,2.79,0.22,-3.3,10,-3.3,8.06,0.63,-0.08,10,-0.08,25.52,0.4,NaN,NaN,5,2.78,1.19,0.53,0.53,0.57,10,0.57,1.84,0.71,0.57,10,0.57,3.45,0.57,NaN,NaN,NaN,NaN,-0.03,NaN,NaN,NaN,0.46,NaN,NaN,NaN,NaN,NaN,NaN,NaN,NaN,32.2,NaN,0,NaN,256
4.54,267.2,2.97,10,2.97,2.8,0.21,-3.44,10,-3.44,7.72,0.61,-0.08,10,-0.08,24.97,0.42,NaN,NaN,1,0.12,0.89,0.44,NaN,0.45,10,0.45,2.32,0.83,NaN,2,0.79,2.52,0.47,NaN,NaN,NaN,NaN,-0.02,NaN,NaN,NaN,0.46,NaN,NaN,NaN,NaN,NaN,NaN,NaN,NaN,16.9,NaN,0,NaN,256
5.17,265.6,3.49,10,3.49,2.36,0.15,-3.82,10,-3.82,7.15,0.6,-0.09,10,-0.09,24.53,0.44,NaN,NaN,1,0.75,0.54,0.31,NaN,NaN,5,0.69,2.45,0.85,NaN,5,1.17,3.76,0.59,5.17,262.6,3.68,-3.63,-0.01,NaN,NaN,NaN,0.47,NaN,0.05,232.3,NaN,NaN,NaN,NaN,NaN,15.4,NaN,0,NaN,256
5.88,262.8,4.17,10,4.17,3.86,0.25,-4.15,10,-4.15,6.79,0.58,-0.03,10,-0.03,23.46,0.42,NaN,NaN,1,1.18,0.67,0.36,NaN,0.45,10,0.45,2.44,0.85,0.65,10,0.65,3.71,0.61,5.39,261.3,3.92,-3.7,0,NaN,NaN,NaN,0.48,NaN,0.042,236.3,NaN,NaN,NaN,NaN,NaN,14.1,NaN,0,NaN,256
6.21,261.9,4.47,10,4.47,5.67,0.34,-4.31,10,-4.31,6.97,0.59,-0.01,10,-0.01,23.67,0.44,NaN,NaN,1,1.41,0.65,0.35,NaN,0.48,10,0.48,2.17,0.78,0.85,10,0.85,4.08,0.64,5.56,260.7,4.09,-3.77,0.01,NaN,NaN,NaN,0.49,0.81,0.031,249,8.3,NaN,3,0.98,0.00694,11.7,NaN,0,NaN,0
6.12,263,4.33,10,4.33,6.48,0.42,-4.32,10,-4.32,7.05,0.61,0.01,10,0.01,22.82,0.44,NaN,0.3,10,0.3,2.66,0.91,NaN,0.38,10,0.38,2.56,0.87,1.05,10,1.05,4.48,0.64,5.7,260.6,4.19,-3.86,0.02,NaN,NaN,NaN,0.5,0.83,0.026,267.6,8.3,NaN,3,1.029,0.00603,10.8,NaN,0,NaN,0
6.01,263.2,4.24,10,4.24,7.38,0.52,-4.26,10,-4.26,7.18,0.61,0.01,10,0.01,22.34,0.43,NaN,0.33,10,0.33,2.69,0.91,NaN,0.42,10,0.42,2.84,0.95,0.86,10,0.86,4.18,0.62,5.82,261,4.25,-3.96,0.03,NaN,NaN,NaN,0.52,0.85,0.026,285.7,8.3,NaN,3,1.084,0.00637,9.5,NaN,0,NaN,0
5.72,262.9,4.05,10,4.05,8.15,0.61,-4.03,10,-4.03,7.9,0.62,0.02,10,0.02,21.66,0.41,NaN,0.46,10,0.46,2.15,0.79,NaN,0.42,10,0.42,2.84,0.95,0.65,10,0.65,3.49,0.57,5.93,261.7,4.29,-4.1,0.04,NaN,NaN,NaN,0.53,0.87,0.029,296.9,8.4,NaN,3,1.145,0.00761,8.85,NaN,0,NaN,0
5.7,261.2,4.16,10,4.16,7.97,0.57,-3.9,10,-3.9,8.56,0.63,0,10,0,21.33,0.41,NaN,0.38,10,0.38,2.77,0.93,NaN,0.54,10,0.54,2.36,0.84,0.94,10,0.94,4.3,0.64,6.06,262.6,4.31,-4.25,0.05,NaN,NaN,NaN,0.54,0.9,0.034,301.5,8.4,NaN,3,1.209,0.00934,8.47,NaN,0,NaN,0
5.75,262.1,4.13,10,4.13,7.88,0.56,-4,10,-4,8.76,0.6,0.01,10,0.01,21.07,0.4,NaN,0.54,10,0.54,1.51,0.62,NaN,0.67,10,0.67,2.28,0.82,0.91,10,0.91,4.24,0.59,6.2,263.7,4.33,-4.43,0.05,NaN,NaN,NaN,0.56,0.92,0.039,302.2,8.5,NaN,3,1.276,0.01135,8.1,NaN,0,NaN,0
6.05,263,4.28,10,4.28,7.89,0.53,-4.28,10,-4.28,8.83,0.55,0,10,0,22.03,0.39,NaN,0.47,10,0.47,2.36,0.84,NaN,0.68,10,0.68,2.29,0.82,0.88,10,0.88,4.4,0.62,6.36,264.9,4.35,-4.64,0.06,NaN,NaN,NaN,0.57,0.95,0.044,300.6,8.5,NaN,3,1.343,0.01354,7.51,NaN,0,NaN,0
6.47,265.4,4.38,10,4.38,7.59,0.5,-4.76,10,-4.76,8.9,0.53,0.04,10,0.04,22.46,0.38,NaN,0.52,10,0.52,2.36,0.83,NaN,0.46,10,0.46,1.59,0.64,0.99,10,0.99,4.61,0.63,6.56,266,4.38,-4.88,0.06,NaN,NaN,NaN,0.59,0.97,0.05,298,8.4,NaN,3,1.409,0.01585,6.46,NaN,0,NaN,0
6.81,266.9,4.47,10,4.47,7.92,0.49,-5.13,10,-5.13,8.93,0.52,0.05,10,0.05,22.89,0.39,NaN,NaN,5,0.3,1.67,0.66,NaN,0.53,10,0.53,2.03,0.76,NaN,5,0.67,4.65,0.65,6.78,267.2,4.44,-5.13,0.05,NaN,NaN,NaN,0.6,0.99,0.055,294.9,8.3,NaN,3,1.472,0.0182,6.42,NaN,0,NaN,0
7.13,268.1,4.57,10,4.57,7.94,0.49,-5.48,10,-5.48,8.66,0.49,0.08,10,0.08,23.28,0.39,NaN,NaN,5,0.57,1.63,0.65,NaN,0.53,10,0.53,2.08,0.77,1.14,10,1.14,4.31,0.59,7.04,268.2,4.51,-5.41,0.05,NaN,NaN,NaN,0.61,1.01,0.059,291.8,8.2,NaN,3,1.532,0.02049,6.43,NaN,0,NaN,0
7.34,269,4.62,10,4.62,7.81,0.46,-5.7,10,-5.7,8.4,0.47,0.1,10,0.1,23.2,0.39,NaN,NaN,5,0.67,1.91,0.72,NaN,0.71,10,0.71,2.04,0.76,1,10,1,5.46,0.72,7.32,269.1,4.6,-5.7,0.05,NaN,NaN,NaN,0.62,1.03,0.063,288.9,8,NaN,4,1.586,0.02257,5.85,NaN,0,NaN,0
7.59,270.5,4.62,10,4.62,7.36,0.43,-6.03,10,-6.03,8.27,0.46,0.11,10,0.11,22.28,0.38,NaN,NaN,5,0.66,2.23,0.8,NaN,0.75,10,0.75,1.79,0.69,1.02,10,1.02,5.5,0.69,7.63,269.8,4.71,-6,0.04,NaN,NaN,NaN,0.62,1.04,0.066,286.2,7.8,NaN,4,1.633,0.02427,5.9,NaN,0,NaN,0
7.86,270.5,4.78,10,4.78,7.24,0.41,-6.24,10,-6.24,8.01,0.43,0.09,10,0.09,21.99,0.38,NaN,NaN,5,0.75,1.92,0.73,NaN,0.85,10,0.85,1.71,0.67,1,10,1,4.76,0.64,7.95,270.5,4.84,-6.31,0.03,NaN,NaN,NaN,0.63,1.06,0.067,283.8,7.6,NaN,4,1.671,0.02538,5.52,NaN,0,NaN,0
8.29,271.1,4.97,10,4.97,6.77,0.36,-6.63,10,-6.63,7.34,0.38,0.1,10,0.1,21.51,0.37,NaN,NaN,5,0.48,1.22,0.53,NaN,0.53,10,0.53,2.04,0.76,0.94,10,0.94,4.14,0.6,8.28,271,4.99,-6.61,0.03,NaN,NaN,NaN,0.62,1.07,0.067,281.9,7.3,NaN,4,1.701,0.02571,5.35,NaN,0,NaN,0
8.54,271.1,5.13,10,5.13,6.16,0.31,-6.83,10,-6.83,7.09,0.36,0.04,10,0.04,20.65,0.35,NaN,NaN,5,0.47,1.6,0.64,NaN,0.66,10,0.66,1.3,0.57,1.14,10,1.14,5.36,0.71,8.61,271.4,5.14,-6.9,0.02,NaN,NaN,NaN,0.62,1.07,0.064,280.4,7.1,NaN,4,1.722,0.02506,4.95,NaN,0,NaN,0
9.1,269.8,5.62,10,5.62,5.68,0.26,-7.16,10,-7.16,6.77,0.36,0.02,10,0.02,20.7,0.34,NaN,NaN,5,0.63,1.72,0.67,NaN,0.62,10,0.62,1.45,0.6,1.21,10,1.21,4.96,0.63,8.91,271.6,5.28,-7.18,0.01,NaN,NaN,NaN,0.61,1.07,0.059,279.6,6.9,NaN,4,1.732,0.02324,5.09,NaN,0,NaN,0
9.43,269.5,5.87,10,5.87,5.58,0.24,-7.38,10,-7.38,6.07,0.31,0.01,10,0.01,21.24,0.33,NaN,NaN,1,2.45,0.99,0.47,NaN,0.72,10,0.72,1.9,0.73,1.2,10,1.2,5.21,0.68,9.19,271.9,5.42,-7.43,0.01,NaN,NaN,NaN,0.59,1.07,0.051,279.6,6.7,NaN,4,1.732,0.02013,4.52,NaN,0,NaN,0
9.82,270.3,6.01,10,6.01,5.61,0.24,-7.77,10,-7.77,5.34,0.26,-0.01,10,-0.01,21.37,0.32,NaN,NaN,5,0.61,1.77,0.69,NaN,NaN,5,0.96,2.14,0.79,0.91,10,0.91,5.5,0.71,9.42,272.1,5.53,-7.63,0,NaN,NaN,NaN,NaN,1.07,0.04,281.5,6.5,NaN,4,1.722,0.01564,4.19,NaN,0,NaN,0
9.83,271.5,5.85,10,5.85,5.7,0.24,-7.9,10,-7.9,5.37,0.26,0,10,0,21.15,0.3,NaN,NaN,5,1.29,2.26,0.8,NaN,NaN,5,0.85,1.64,0.66,1.13,10,1.13,6.04,0.73,9.59,272.3,5.6,-7.78,0,NaN,NaN,NaN,NaN,1.07,0.034,283.6,6.3,NaN,4,1.702,0.01298,4.07,NaN,0,NaN,0
10.02,271.5,5.96,10,5.96,5.42,0.23,-8.05,10,-8.05,5.06,0.24,0.05,10,0.05,21.17,0.3,NaN,NaN,5,0.53,1.71,0.67,NaN,NaN,1,0.72,0.97,0.46,1.12,10,1.12,4.66,0.62,NaN,NaN,NaN,NaN,0.01,NaN,NaN,NaN,NaN,1.06,NaN,NaN,NaN,NaN,NaN,1.673,NaN,3.92,NaN,0,NaN,0
10.25,273.3,5.84,10,5.84,5.39,0.23,-8.43,10,-8.43,4.72,0.21,0.04,10,0.04,20.44,0.29,NaN,NaN,5,0.42,2.12,0.77,NaN,NaN,5,0.37,1.54,0.63,0.95,10,0.95,5.11,0.65,NaN,NaN,NaN,NaN,0.02,NaN,NaN,NaN,NaN,NaN,NaN,NaN,NaN,NaN,NaN,NaN,NaN,3.81,NaN,0,NaN,0
9.58,273.5,5.43,10,5.43,5.75,0.27,-7.89,10,-7.89,4.89,0.26,0.04,10,0.04,20.5,0.32,NaN,NaN,5,0.94,1.66,0.66,NaN,NaN,5,0.69,1.32,0.57,NaN,5,1.24,4.86,0.63,NaN,NaN,NaN,NaN,0.03,NaN,NaN,NaN,NaN,NaN,NaN,NaN,NaN,NaN,NaN,NaN,NaN,3.59,NaN,0,NaN,0
