NaN,NaN,NaN,0,NaN,NaN,NaN,NaN,4,15.13,0.69,0.12,NaN,5,-3.72,3.31,0.14,NaN,NaN,0,NaN,NaN,NaN,NaN,NaN,1,2.05,0.58,0.33,NaN,2,2.34,2.23,0.38,NaN,NaN,NaN,NaN,NaN,NaN,NaN,NaN,NaN,NaN,NaN,NaN,NaN,NaN,NaN,NaN,NaN,47100000,NaN,0,NaN,0
NaN,NaN,NaN,0,NaN,NaN,NaN,NaN,4,3.53,2.46,0.2,NaN,5,3.56,7.08,0.27,NaN,NaN,1,1.15,0.95,0.45,NaN,NaN,1,1.81,0.7,0.37,NaN,5,1.52,4.98,0.65,NaN,NaN,NaN,NaN,NaN,NaN,NaN,NaN,NaN,NaN,NaN,NaN,NaN,NaN,NaN,NaN,NaN,42300,15700000,0,NaN,0
NaN,NaN,NaN,2,-0.19,1.34,0.06,NaN,4,2.86,5.13,0.3,0.44,10,0.44,8.57,0.28,NaN,NaN,1,1.22,0.97,0.46,NaN,NaN,5,0.69,1.34,0.58,NaN,2,0.79,3.17,0.49,NaN,NaN,NaN,NaN,NaN,NaN,NaN,NaN,NaN,NaN,NaN,NaN,NaN,NaN,NaN,NaN,NaN,4890,NaN,0,NaN,0
NaN,NaN,NaN,5,-1.43,1.46,0.13,NaN,5,2.53,4.34,0.5,0.06,10,0.06,7.41,0.26,NaN,NaN,1,0.95,0.88,0.43,NaN,NaN,5,1.24,1.82,0.71,NaN,2,1,2.83,0.47,NaN,NaN,NaN,NaN,0.11,NaN,NaN,NaN,NaN,NaN,NaN,NaN,NaN,NaN,NaN,NaN,NaN,1480,NaN,0,NaN,0
NaN,NaN,NaN,5,-1.94,2.19,0.11,NaN,5,2.39,7.6,0.49,0.02,10,0.02,13.17,0.25,NaN,NaN,1,0.99,0.82,0.41,NaN,0.69,10,0.69,1.43,0.6,NaN,5,1.02,3.1,0.5,NaN,NaN,NaN,NaN,0.09,NaN,NaN,NaN,NaN,NaN,NaN,NaN,NaN,NaN,NaN,NaN,NaN,1190,2700000,0,NaN,0
NaN,NaN,NaN,5,-2.08,2.51,0.12,NaN,5,2.41,7.22,0.54,0.01,10,0.01,14.59,0.27,NaN,NaN,1,0.55,0.93,0.45,NaN,0.68,10,0.68,2.08,0.77,NaN,2,0.94,2.79,0.48,NaN,NaN,NaN,NaN,0.08,NaN,NaN,NaN,NaN,NaN,NaN,NaN,NaN,NaN,NaN,NaN,NaN,612,2200000,0,NaN,0
NaN,NaN,NaN,5,-1.9,3.42,0.16,NaN,5,2.44,7.58,0.64,-0.03,10,-0.03,15.62,0.29,NaN,NaN,1,0.63,0.86,0.43,NaN,0.48,10,0.48,1.85,0.71,NaN,2,0.74,2.88,0.49,NaN,NaN,NaN,NaN,0.07,NaN,NaN,NaN,NaN,NaN,NaN,NaN,NaN,NaN,NaN,NaN,NaN,417,2270000,0,NaN,0
NaN,NaN,NaN,5,-1.01,3.07,0.14,NaN,5,2.5,6.93,0.66,0.03,10,0.03,15.82,0.28,NaN,NaN,1,0.43,0.86,0.42,NaN,0.65,10,0.65,2.23,0.81,NaN,2,0.84,2.34,0.42,NaN,NaN,NaN,NaN,0.08,NaN,NaN,NaN,NaN,NaN,NaN,NaN,NaN,NaN,NaN,NaN,NaN,267,1890000,0,NaN,0
NaN,NaN,NaN,5,-0.91,3.21,0.16,NaN,5,2.44,6.79,0.67,0.1,10,0.1,15.19,0.27,NaN,NaN,5,2.22,1.27,0.55,NaN,0.69,10,0.69,2.09,0.77,NaN,2,0.76,2.48,0.45,NaN,NaN,NaN,NaN,0.08,NaN,NaN,NaN,NaN,NaN,NaN,NaN,NaN,NaN,NaN,NaN,NaN,167,1680000,0,NaN,0
NaN,NaN,NaN,5,-0.75,3.92,0.23,NaN,5,2.45,6.74,0.66,0.15,10,0.15,15.53,0.27,NaN,NaN,5,0.35,1.26,0.55,NaN,NaN,5,0.25,2.32,0.83,NaN,2,1.4,2.58,0.46,NaN,NaN,NaN,NaN,0.1,NaN,NaN,NaN,NaN,NaN,NaN,NaN,NaN,NaN,NaN,NaN,NaN,127,1740000,0,NaN,0
NaN,NaN,NaN,0,NaN,NaN,NaN,NaN,4,2.39,6.96,0.64,0.13,10,0.13,16.21,0.28,NaN,NaN,0,NaN,NaN,NaN,NaN,0.58,10,0.58,2.63,0.9,NaN,2,1.06,2.31,0.43,NaN,NaN,NaN,NaN,0.11,NaN,NaN,NaN,NaN,NaN,NaN,NaN,NaN,NaN,NaN,NaN,NaN,100,1860000,0,NaN,0
NaN,NaN,NaN,0,NaN,NaN,NaN,NaN,4,2.1,9.04,0.64,0.11,10,0.11,21.83,0.28,NaN,NaN,0,NaN,NaN,NaN,NaN,0.62,10,0.62,2.28,0.82,NaN,2,1.07,2.55,0.47,NaN,NaN,NaN,NaN,0.13,NaN,NaN,NaN,NaN,NaN,NaN,NaN,NaN,NaN,NaN,NaN,NaN,107,2620000,0,NaN,0
NaN,NaN,NaN,0,NaN,NaN,NaN,NaN,4,2,9.1,0.63,0.08,10,0.08,22.41,0.28,NaN,NaN,0,NaN,NaN,NaN,NaN,0.54,10,0.54,2.15,0.79,NaN,2,0.96,2.33,0.43,NaN,NaN,NaN,NaN,0.15,NaN,NaN,NaN,NaN,NaN,NaN,NaN,NaN,NaN,NaN,NaN,NaN,91.4,2960000,0,NaN,0
NaN,NaN,NaN,0,NaN,NaN,NaN,NaN,4,1.86,8.98,0.61,0.1,10,0.1,22.65,0.28,NaN,NaN,0,NaN,NaN,NaN,NaN,0.4,10,0.4,2.44,0.86,NaN,2,0.9,2.18,0.4,NaN,NaN,NaN,NaN,0.17,NaN,NaN,NaN,0.5,NaN,NaN,NaN,NaN,NaN,NaN,NaN,NaN,62.4,2610000,0,NaN,0
NaN,NaN,NaN,0,NaN,NaN,NaN,NaN,4,1.9,8.78,0.6,0.12,10,0.12,22.99,0.28,NaN,NaN,0,NaN,NaN,NaN,NaN,0.36,10,0.36,1.99,0.75,NaN,2,1.41,2.21,0.41,NaN,NaN,NaN,NaN,0.19,NaN,NaN,NaN,NaN,NaN,NaN,NaN,NaN,NaN,NaN,NaN,NaN,34.8,NaN,0,NaN,0
2.51,102.3,-1.09,10,-1.09,6.79,0.45,2.27,10,2.27,8.29,0.56,0.17,10,0.17,23.08,0.28,NaN,NaN,5,0.77,1.84,0.7,NaN,NaN,5,0.72,2.03,0.77,NaN,5,1.28,2.99,0.51,2.57,110.2,-0.78,2.45,0.21,NaN,NaN,NaN,NaN,NaN,0.048,81.9,NaN,NaN,NaN,NaN,NaN,24.8,1280000,2,NaN,0
2.87,99.9,-1.35,10,-1.35,6.42,0.41,2.53,10,2.53,7.66,0.53,0.22,10,0.22,22.39,0.3,NaN,NaN,5,0.74,2.11,0.76,NaN,0.55,10,0.55,1.65,0.67,NaN,2,0.83,2.85,0.48,2.78,107.9,-0.96,2.61,0.23,NaN,NaN,NaN,NaN,NaN,0.042,83,NaN,NaN,NaN,NaN,NaN,22.5,NaN,0,NaN,0
3.1,104.6,-1.23,10,-1.23,6.43,0.37,2.84,10,2.84,7.56,0.52,0.27,10,0.27,22.37,0.3,NaN,NaN,5,0.66,2.02,0.75,NaN,0.32,10,0.32,1.17,0.53,NaN,2,0.92,2.46,0.45,2.95,106.5,-1.08,2.74,0.24,NaN,NaN,NaN,NaN,NaN,0.031,85.9,NaN,NaN,NaN,NaN,NaN,19,NaN,0,NaN,0
3.23,105.3,-1.25,10,-1.25,6.32,0.35,2.98,10,2.98,7.42,0.5,0.3,10,0.3,22.41,0.3,NaN,NaN,5,0.48,1.9,0.71,NaN,NaN,5,0.73,2.23,0.81,0.79,10,0.79,3.2,0.53,3.07,105.7,-1.16,2.84,0.26,NaN,NaN,NaN,NaN,0.76,0.024,89.5,13.9,NaN,1,0.865,0.00466,16.6,NaN,0,NaN,0
3.33,104.2,-1.34,10,-1.34,6.28,0.35,3.05,10,3.05,7.36,0.49,0.33,10,0.33,22.14,0.3,NaN,NaN,5,0.68,1.9,0.71,NaN,0.45,10,0.45,2.01,0.75,NaN,2,0.9,3.01,0.49,3.17,105.3,-1.23,2.93,0.27,NaN,NaN,NaN,NaN,NaN,0.019,93.3,NaN,NaN,NaN,NaN,NaN,15.3,NaN,0,NaN,0
3.14,101.3,-1.41,10,-1.41,6.38,0.33,2.81,10,2.81,7.49,0.49,0.35,10,0.35,21.57,0.29,NaN,NaN,5,0.97,1.77,0.68,NaN,0.61,10,0.61,1.9,0.72,NaN,2,0.83,3.08,0.5,3.26,105,-1.27,3,0.28,NaN,NaN,NaN,0.65,NaN,0.017,96,NaN,NaN,NaN,NaN,NaN,13,NaN,0,NaN,0
2.98,103.6,-1.23,10,-1.23,6.38,0.32,2.72,10,2.72,7.35,0.47,0.38,10,0.38,21.31,0.26,NaN,NaN,5,0.8,1.98,0.73,NaN,0.93,10,0.93,1.8,0.7,NaN,2,1.11,2.91,0.49,3.34,104.8,-1.32,3.07,0.28,NaN,NaN,NaN,0.69,NaN,0.017,96.8,NaN,NaN,NaN,NaN,NaN,13.3,NaN,0,NaN,0
3.12,102.6,-1.34,10,-1.34,6.76,0.33,2.81,10,2.81,6.74,0.44,0.4,10,0.4,20.8,0.25,NaN,NaN,5,0.72,1.85,0.7,NaN,0.72,10,0.72,2.03,0.76,NaN,2,1.03,2.99,0.48,3.43,104.6,-1.36,3.15,0.28,NaN,NaN,NaN,0.73,NaN,0.018,95.7,NaN,NaN,NaN,NaN,NaN,10.5,NaN,0,NaN,0
3.04,104.9,-1.19,10,-1.19,7.05,0.34,2.8,10,2.8,6.49,0.42,0.43,10,0.43,20.38,0.24,NaN,NaN,5,0.85,1.85,0.71,NaN,0.91,10,0.91,1.9,0.73,NaN,2,2.5,2,0.37,3.52,104.3,-1.41,3.23,0.28,NaN,NaN,NaN,0.76,NaN,0.02,93.7,NaN,NaN,NaN,NaN,NaN,9.91,NaN,0,NaN,0
3.31,107,-1.18,10,-1.18,7.24,0.36,3.09,10,3.09,6.18,0.4,0.44,10,0.44,19.92,0.23,NaN,NaN,5,0.33,1.48,0.61,NaN,NaN,5,0.3,1.15,0.53,NaN,5,1.03,3.98,0.61,3.63,104,-1.48,3.31,0.28,NaN,NaN,NaN,NaN,NaN,0.024,91.7,NaN,NaN,NaN,NaN,NaN,8.79,NaN,0,NaN,0
3.53,108.9,-1.15,10,-1.15,7.44,0.39,3.34,10,3.34,6.27,0.38,0.42,10,0.42,19.58,0.24,NaN,NaN,5,0.56,1.52,0.62,NaN,0.68,10,0.68,1.44,0.61,NaN,2,0.92,2.95,0.47,3.75,103.6,-1.55,3.42,0.27,NaN,NaN,NaN,NaN,NaN,0.027,90.1,NaN,NaN,NaN,NaN,NaN,8.19,NaN,0,NaN,0
4.04,108.4,-1.36,10,-1.36,7.1,0.38,3.81,10,3.81,6.01,0.36,0.41,10,0.41,19.38,0.24,NaN,NaN,5,0.61,1.31,0.56,NaN,0.76,10,0.76,1.38,0.59,NaN,2,2.33,2.15,0.37,3.9,103,-1.64,3.53,0.27,NaN,NaN,NaN,NaN,NaN,0.031,89,NaN,NaN,NaN,NaN,NaN,8.6,NaN,0,NaN,0
3.99,105.6,-1.52,10,-1.52,6.17,0.32,3.69,10,3.69,6.07,0.34,0.37,10,0.37,18.64,0.23,NaN,NaN,5,0.77,2.06,0.76,NaN,NaN,5,1.14,1.53,0.63,NaN,2,1.23,3.16,0.5,4.06,102.4,-1.75,3.66,0.26,NaN,NaN,NaN,NaN,NaN,0.035,88.4,NaN,NaN,NaN,NaN,NaN,7.74,NaN,0,NaN,0
4.32,104.7,-1.71,10,-1.71,5.44,0.27,3.97,10,3.97,5.84,0.31,0.36,10,0.36,17.8,0.22,NaN,NaN,5,0.81,1.64,0.66,NaN,NaN,1,0.5,0.65,0.35,NaN,2,1.37,3.15,0.49,4.23,101.8,-1.87,3.8,0.25,NaN,NaN,NaN,NaN,NaN,0.038,88.4,NaN,NaN,NaN,NaN,NaN,6.7,NaN,0,NaN,0
4.41,103.1,-1.86,10,-1.86,5.04,0.24,4,10,4,5.05,0.27,0.31,10,0.31,17.17,0.21,NaN,NaN,5,0.67,1.12,0.5,NaN,NaN,5,0.96,1.39,0.58,NaN,2,2.23,1.93,0.34,4.42,101.3,-1.99,3.95,0.23,NaN,NaN,NaN,NaN,NaN,0.039,88.9,NaN,NaN,NaN,NaN,NaN,6.52,NaN,0,NaN,0
4.84,99.2,-2.33,10,-2.33,4.55,0.2,4.24,10,4.24,4.24,0.22,0.3,10,0.3,15.81,0.18,NaN,NaN,5,2.01,1.28,0.55,NaN,NaN,5,0.98,1.64,0.65,NaN,2,2.37,2.1,0.36,4.62,100.7,-2.12,4.11,0.22,NaN,NaN,NaN,NaN,NaN,0.04,90.2,NaN,NaN,NaN,NaN,NaN,5.75,NaN,0,NaN,0
4.59,92.9,-2.64,10,-2.64,4.59,0.19,3.76,10,3.76,4.13,0.22,0.22,10,0.22,15.28,0.17,NaN,NaN,5,0.75,1.23,0.54,NaN,NaN,5,1.14,1.78,0.71,NaN,2,2.59,1.76,0.33,4.81,100.3,-2.23,4.26,0.21,NaN,NaN,NaN,NaN,NaN,0.038,92.4,NaN,NaN,NaN,NaN,NaN,5.69,NaN,0,NaN,0
4.72,92.5,-2.74,10,-2.74,4.75,0.2,3.84,10,3.84,4.3,0.23,0.22,10,0.22,15.08,0.17,NaN,NaN,5,1.34,1.08,0.5,NaN,NaN,1,0.95,0.86,0.43,NaN,2,2.62,2.21,0.38,5,100.1,-2.34,4.42,0.2,NaN,NaN,NaN,NaN,NaN,0.035,96.4,NaN,NaN,NaN,NaN,NaN,5.76,NaN,0,NaN,0
5.18,94.1,-2.89,10,-2.89,4.77,0.2,4.3,10,4.3,3.99,0.21,0.22,10,0.22,14.63,0.16,NaN,NaN,2,0.76,1.07,0.49,NaN,NaN,5,0.62,1.8,0.69,NaN,2,2.65,2.25,0.38,5.16,100.1,-2.42,4.56,0.19,NaN,NaN,NaN,NaN,NaN,0.03,103.7,NaN,NaN,NaN,NaN,NaN,5.38,NaN,0,NaN,0
5.27,90.6,-3.2,10,-3.2,3.87,0.16,4.19,10,4.19,4.18,0.22,0.21,10,0.21,13.76,0.15,NaN,NaN,1,1.12,0.89,0.44,NaN,NaN,5,0.87,1.56,0.64,NaN,2,2.21,2.2,0.38,5.29,100.3,-2.46,4.69,0.18,NaN,NaN,NaN,NaN,NaN,0.023,119.6,NaN,NaN,NaN,NaN,NaN,5.04,NaN,0,NaN,0
5,93.3,-2.84,10,-2.84,3.45,0.14,4.12,10,4.12,3.64,0.19,0.21,10,0.21,13.57,0.15,NaN,NaN,5,1.2,1.17,0.52,NaN,NaN,5,1.46,1.45,0.61,NaN,2,2.33,2.29,0.38,5.38,100.9,-2.45,4.79,0.18,NaN,NaN,NaN,NaN,NaN,0.018,156.1,NaN,NaN,NaN,NaN,NaN,4.52,NaN,0,NaN,0
5.3,100.9,-2.41,10,-2.41,3,0.12,4.72,10,4.72,3.81,0.19,0.26,10,0.26,12.81,0.14,NaN,NaN,1,1.27,0.95,0.46,NaN,NaN,5,1.14,1.74,0.7,NaN,2,2.62,2.18,0.37,5.4,101.9,-2.38,4.85,0.19,NaN,NaN,NaN,NaN,NaN,0.024,201.1,NaN,NaN,NaN,NaN,NaN,3.98,NaN,0,NaN,0
5.48,103.8,-2.24,10,-2.24,2.93,0.12,5,10,5,3.07,0.16,0.27,10,0.27,12.23,0.13,NaN,NaN,1,0.9,0.8,0.41,NaN,NaN,1,0.24,0.89,0.44,NaN,2,2.7,1.98,0.35,5.34,103.5,-2.22,4.86,0.2,NaN,NaN,NaN,NaN,NaN,0.042,223.3,NaN,NaN,NaN,NaN,NaN,4.18,NaN,0,NaN,0
4.83,104.1,-1.96,10,-1.96,3.32,0.15,4.42,10,4.42,3.48,0.21,0.2,10,0.2,12.57,0.16,NaN,NaN,1,2.51,0.98,0.47,NaN,NaN,1,1.07,0.99,0.47,NaN,2,2.46,2.39,0.39,5.19,105.8,-1.96,4.81,0.22,NaN,NaN,NaN,NaN,NaN,0.067,233.3,NaN,NaN,NaN,NaN,NaN,4.01,NaN,0,NaN,0
